hip296 00 03 41.30 -28 23 45.1 2000
hip407 00 04 58.63 -70 12 43.9 2000
hip420 00 05 07.60 -52 09 05.1 2000
hip466 00 05 34.91 +53 10 18.1 2000
hip556 00 06 46.94 -04 20 59.3 2000
hip616 00 07 32.34 -23 49 08.2 2000
hip624 00 07 37.41 -45 07 09.5 2000
hip699 00 08 41.02 +36 37 38.7 2000
hip726 00 08 59.59 -39 44 13.6 2000
hip791 00 09 48.45 -40 53 33.5 2000
hip801 00 09 52.91 -50 16 04.0 2000
hip867 00 10 39.10 +12 49 13.0 2000
hip980 00 12 06.84 +47 29 28.2 2000
hip1031 00 12 50.38 -57 54 45.7 2000
hip1147 00 14 20.85 -21 11 47.0 2000
hip1206 00 15 04.56 -68 31 48.8 2000
hip1368 00 17 05.94 +40 56 53.1 2000
hip1382 00 17 16.21 -43 51 09.7 2000
hip1434 00 17 52.81 +44 34 40.6 2000
hip1477 00 18 20.74 +30 23 45.8 2000
hip1499 00 18 41.62 -08 03 09.5 2000
hip1541 00 19 12.78 +13 34 38.2 2000
hip1779 00 22 34.79 -73 01 56.1 2000
hip1813 00 23 00.08 +22 22 31.9 2000
hip2292 00 29 16.18 -05 54 35.8 2000
hip2567 00 32 35.09 -18 06 33.0 2000
hip2712 00 34 29.37 +47 54 55.4 2000
hip2832 00 35 54.88 +13 12 27.0 2000
hip3001 00 38 08.18 -66 02 34.6 2000
hip3119 00 39 40.61 +11 31 56.3 2000
hip3127 00 39 44.76 -41 39 33.7 2000
hip3132 00 39 47.75 +82 29 36.9 2000
hip3142 00 39 57.59 -33 57 40.3 2000
hip3169 00 40 24.34 -07 39 23.1 2000
hip3204 00 40 47.98 -27 22 30.7 2000
hip3206 00 40 49.00 +40 11 19.7 2000
hip3311 00 42 09.70 -03 03 21.7 2000
hip3318 00 42 18.44 -45 33 03.8 2000
hip3479 00 44 26.45 -26 30 57.8 2000
hip3483 00 44 27.64 -13 24 56.7 2000
hip3497 00 44 39.04 -65 38 51.8 2000
hip3535 00 45 04.92 +01 47 12.9 2000
hip3780 00 48 34.68 -67 31 53.9 2000
hip3796 00 48 46.60 +78 28 02.3 2000
hip3832 00 49 11.85 -53 46 26.7 2000
hip3979 00 51 10.69 -05 02 20.4 2000
hip4003 00 51 24.13 -78 38 37.3 2000
hip4093 00 52 31.93 -20 59 45.8 2000
hip4103 00 52 40.01 +31 27 34.1 2000
hip4148 00 53 00.72 -30 21 25.2 2000
hip4319 00 55 14.84 -25 36 20.5 2000
hip4343 00 55 41.03 -33 45 11.0 2000
hip4393 00 56 17.17 +52 29 28.4 2000
hip4702 01 00 27.93 -19 23 21.3 2000
hip4772 01 01 18.94 -60 51 37.4 2000
hip4882 01 02 44.03 -47 17 14.1 2000
hip5073 01 04 50.35 +07 02 46.3 2000
hip5168 01 06 06.20 -41 30 03.6 2000
hip5176 01 06 12.53 +13 15 10.0 2000
hip5240 01 07 00.07 +56 56 06.9 2000
hip5315 01 07 59.58 +01 59 38.7 2000
hip5455 01 09 49.33 -56 21 21.8 2000
hip5578 01 11 32.10 -12 50 34.5 2000
hip5777 01 14 07.15 +25 49 40.1 2000
hip5806 01 14 29.42 -05 02 49.4 2000
hip5895 01 15 44.95 -53 42 56.7 2000
hip5936 01 16 18.90 +33 06 53.3 2000
hip5938 01 16 24.12 -12 05 49.2 2000
hip5944 01 16 29.34 +42 56 22.2 2000
hip5985 01 16 58.86 -02 16 43.7 2000
hip6015 01 17 20.21 -35 22 49.8 2000
hip6197 01 19 29.08 -24 57 03.3 2000
hip6206 01 19 33.40 -39 21 45.8 2000
hip6259 01 20 18.00 +43 30 36.5 2000
hip6285 01 20 37.04 +54 57 45.2 2000
hip6405 01 22 17.53 +18 40 57.8 2000
hip6455 01 23 00.96 -16 29 13.3 2000
hip6511 01 23 37.19 -41 16 10.7 2000
hip6528 01 23 50.84 -05 49 06.8 2000
hip6551 01 24 12.19 -31 48 42.4 2000
hip6643 01 25 12.35 +28 34 01.5 2000
hip6653 01 25 20.07 +01 27 39.6 2000
hip6717 01 26 27.32 -00 23 56.3 2000
hip6752 01 26 53.81 +37 29 32.7 2000
hip6854 01 28 07.24 -28 03 05.0 2000
hip6869 01 28 24.29 +17 04 45.6 2000
hip6949 01 29 28.56 -51 30 04.4 2000
hip7018 01 30 24.98 -29 15 33.9 2000
hip7060 01 31 01.46 -51 12 54.9 2000
hip7090 01 31 19.41 +29 24 47.9 2000
hip7237 01 33 16.15 -47 18 23.7 2000
hip7240 01 33 17.17 -38 14 41.7 2000
hip7244 01 33 19.03 +23 58 31.8 2000
hip7339 01 34 33.88 +68 56 52.3 2000
hip7357 01 34 48.74 +00 56 43.5 2000
hip7429 01 35 41.82 -55 14 18.4 2000
hip7444 01 35 52.46 +41 04 35.1 2000
hip7539 01 37 08.44 -29 23 35.1 2000
hip7576 01 37 35.37 -06 45 36.7 2000
hip7585 01 37 40.81 +12 04 42.1 2000
hip7599 01 37 53.59 -60 30 41.6 2000
hip7733 01 39 35.64 +28 06 38.4 2000
hip7734 01 39 35.84 +45 52 42.0 2000
hip7822 01 40 36.35 -36 28 59.7 2000
hip7902 01 41 36.70 +66 54 38.1 2000
hip8070 01 43 41.25 +63 49 29.3 2000
hip8159 01 44 55.85 +20 05 00.3 2000
hip8165 01 45 00.56 +58 47 28.7 2000
hip8273 01 46 37.55 -74 44 20.4 2000
hip8346 01 47 38.43 -26 44 57.7 2000
hip8398 01 48 20.26 -41 29 43.6 2000
hip8418 01 48 36.53 +22 24 06.2 2000
hip8476 01 49 16.11 +35 26 26.2 2000
hip8527 01 49 57.94 -35 32 23.9 2000
hip8548 01 50 15.32 -06 42 15.1 2000
hip8597 01 50 56.46 +06 00 25.0 2000
hip8674 01 51 40.45 -16 19 00.4 2000
hip8798 01 53 06.31 -01 19 33.9 2000
hip8867 01 54 06.18 +66 10 35.5 2000
hip8926 01 54 55.75 +27 50 30.6 2000
hip8984 01 55 46.82 +51 41 17.6 2000
hip9349 02 00 05.31 -13 32 45.8 2000
hip9381 02 00 31.79 -40 43 48.7 2000
hip9414 02 00 56.73 -78 52 12.6 2000
hip9517 02 02 24.93 +12 41 06.7 2000
hip9629 02 03 45.71 -40 28 09.1 2000
hip9672 02 04 24.54 -43 30 27.6 2000
hip9683 02 04 34.36 +25 24 53.0 2000
hip9716 02 04 59.31 -15 40 40.8 2000
hip9829 02 06 30.24 +24 20 03.7 2000
hip9911 02 07 34.42 -00 36 59.7 2000
hip10031 02 09 07.70 +71 33 09.3 2000
hip10118 02 10 07.92 +12 06 50.1 2000
hip10287 02 12 29.68 +16 42 02.5 2000
hip10339 02 13 13.29 +40 30 28.2 2000
hip10449 02 14 39.72 -01 12 04.4 2000
hip10505 02 15 24.12 +24 16 18.4 2000
hip10510 02 15 27.15 +27 21 27.4 2000
hip10623 02 16 45.27 +83 33 41.5 2000
hip10626 02 16 47.30 +43 46 24.4 2000
hip10681 02 17 25.73 +65 15 43.7 2000
hip10798 02 18 58.65 -25 56 48.4 2000
hip10818 02 19 16.00 -00 46 47.1 2000
hip10834 02 19 25.07 -61 56 18.6 2000
hip10842 02 19 33.58 -67 41 51.8 2000
hip10866 02 19 50.00 -63 32 41.3 2000
hip10886 02 20 06.38 -00 27 32.1 2000
hip10940 02 20 53.98 -52 57 49.6 2000
hip10946 02 20 59.88 +55 24 28.7 2000
hip10977 02 21 23.62 -30 56 02.1 2000
hip11282 02 25 18.86 +27 41 01.9 2000
hip11329 02 25 47.04 +20 16 49.0 2000
hip11514 02 28 28.81 -45 01 22.6 2000
hip11873 02 33 09.77 +42 53 46.8 2000
hip11881 02 33 15.43 -14 21 46.2 2000
hip11909 02 33 43.58 -72 20 56.7 2000
hip11913 02 33 44.40 -54 56 00.7 2000
hip11933 02 33 59.45 +31 24 23.0 2000
hip11949 02 34 10.34 +42 47 08.6 2000
hip11954 02 34 11.56 -33 07 02.0 2000
hip12048 02 35 20.02 -03 33 34.3 2000
hip12102 02 35 56.74 -17 37 57.6 2000
hip12167 02 36 47.79 -25 01 24.9 2000
hip12306 02 38 28.19 +30 49 03.2 2000
hip12410 02 39 47.56 +85 03 34.2 2000
hip12517 02 41 06.27 -51 26 28.3 2000
hip12830 02 44 57.14 +23 22 04.0 2000
hip12926 02 46 15.05 +25 39 00.9 2000
hip12929 02 46 17.12 +11 46 32.7 2000
hip13258 02 50 36.69 +15 42 39.2 2000
hip13267 02 50 41.44 -44 04 50.3 2000
hip13291 02 51 04.20 +30 17 12.6 2000
hip13315 02 51 21.81 -55 04 29.2 2000
hip13388 02 52 19.39 -33 27 02.4 2000
hip13393 02 52 22.48 +42 01 15.5 2000
hip13594 02 55 09.18 -07 59 45.2 2000
hip13601 02 55 17.28 +16 18 33.5 2000
hip13771 02 57 13.54 +58 21 40.5 2000
hip13848 02 58 15.92 -28 22 07.4 2000
hip13902 02 58 59.03 -43 44 52.5 2000
hip13934 02 59 31.98 +80 15 03.1 2000
hip14023 03 00 35.69 +05 59 11.2 2000
hip14150 03 02 25.87 +26 36 34.7 2000
hip14181 03 02 52.21 +47 06 38.5 2000
hip14241 03 03 38.76 -05 39 56.4 2000
hip14258 03 03 50.68 +06 07 59.4 2000
hip14300 03 04 25.12 +50 01 55.3 2000
hip14339 03 04 54.95 -57 09 58.4 2000
hip14501 03 07 18.58 -13 45 40.1 2000
hip14561 03 08 00.52 -39 18 17.2 2000
hip14563 03 08 01.20 -12 02 29.2 2000
hip14596 03 08 26.44 -37 51 09.1 2000
hip14614 03 08 44.26 +15 20 07.1 2000
hip14623 03 08 52.30 -24 53 16.7 2000
hip14721 03 10 09.81 +18 20 44.6 2000
hip14857 03 11 52.52 -39 01 23.3 2000
hip14922 03 12 30.28 +43 51 38.3 2000
hip14964 03 12 54.46 -47 09 18.7 2000
hip15099 03 14 46.99 +08 58 54.4 2000
hip15131 03 15 06.50 -45 39 54.6 2000
hip15199 03 15 53.36 -14 47 55.8 2000
hip15323 03 17 40.12 +31 07 37.9 2000
hip15442 03 19 01.75 -02 50 34.6 2000
hip15579 03 20 42.82 -23 18 23.4 2000
hip15642 03 21 23.74 -52 51 19.6 2000
hip15940 03 25 15.13 -15 02 18.8 2000
hip15943 03 25 18.26 +58 41 40.2 2000
hip16085 03 27 12.21 -58 19 26.1 2000
hip16107 03 27 29.39 +34 48 24.5 2000
hip16115 03 27 37.03 -73 26 23.5 2000
hip16169 03 28 20.87 -06 31 49.6 2000
hip16353 03 30 41.96 -40 07 06.9 2000
hip16405 03 31 15.49 +20 46 06.8 2000
hip16460 03 32 01.69 -52 28 25.4 2000
hip16494 03 32 23.88 -08 36 11.3 2000
hip16517 03 32 39.82 +35 39 34.0 2000
hip16641 03 34 08.32 +17 50 00.9 2000
hip16799 03 36 12.95 -18 33 00.3 2000
hip16984 03 38 26.30 -46 14 36.0 2000
hip17096 03 39 43.28 -52 54 56.2 2000
hip17124 03 40 02.95 -34 32 58.1 2000
hip17147 03 40 21.66 -03 12 59.3 2000
hip17338 03 42 39.80 -20 32 43.8 2000
hip17420 03 43 55.15 -19 06 40.6 2000
hip17439 03 44 09.02 -38 16 56.9 2000
hip17472 03 44 39.46 +10 10 42.6 2000
hip17790 03 48 29.92 +57 46 03.4 2000
hip17801 03 48 37.91 -04 25 16.5 2000
hip17819 03 48 46.77 -40 23 57.7 2000
hip17936 03 50 08.85 +06 37 14.8 2000
hip17960 03 50 22.90 +17 28 37.1 2000
hip17978 03 50 35.33 -42 34 01.4 2000
hip18075 03 51 50.47 -28 50 14.4 2000
hip18163 03 52 59.28 +26 40 43.8 2000
hip18208 03 53 37.68 +28 08 53.3 2000
hip18235 03 53 59.25 -23 08 10.9 2000
hip18261 03 54 22.62 +01 15 42.9 2000
hip18280 03 54 35.47 -06 49 38.3 2000
hip18309 03 54 51.09 +52 25 12.8 2000
hip18324 03 55 03.31 +61 10 02.7 2000
hip18427 03 56 25.07 -52 55 53.2 2000
hip18432 03 56 28.60 -25 10 50.4 2000
hip18702 04 00 23.79 -38 56 41.4 2000
hip18713 04 00 31.84 -51 19 41.7 2000
hip18841 04 02 24.30 +31 19 52.1 2000
hip18888 04 02 58.48 -44 23 31.1 2000
hip18902 04 03 06.56 +14 29 00.5 2000
hip18913 04 03 11.16 +78 12 10.1 2000
hip18944 04 03 37.98 -51 55 49.7 2000
hip19024 04 04 30.79 +00 14 47.2 2000
hip19222 04 07 10.72 +74 00 01.9 2000
hip19232 04 07 20.76 -27 25 30.3 2000
hip19243 04 07 25.72 +74 38 12.0 2000
hip19263 04 07 43.12 +16 31 07.9 2000
hip19422 04 09 34.92 +69 32 31.6 2000
hip19589 04 11 55.19 -83 36 07.0 2000
hip19631 04 12 22.86 +37 42 42.7 2000
hip19786 04 14 27.19 +12 26 07.2 2000
hip19820 04 15 00.30 -16 10 50.4 2000
hip19925 04 16 30.28 -00 34 20.6 2000
hip19995 04 17 17.49 -63 05 45.3 2000
hip20146 04 19 07.94 +17 31 29.4 2000
hip20184 04 19 34.22 -28 47 11.0 2000
hip20199 04 19 45.50 -41 57 36.1 2000
hip20218 04 19 57.11 -04 26 19.2 2000
hip20434 04 22 37.43 +51 56 30.5 2000
hip20478 04 23 20.14 -25 23 39.7 2000
hip20489 04 23 28.83 -27 39 28.2 2000
hip20616 04 25 00.30 +11 58 40.7 2000
hip20638 04 25 23.73 -35 40 31.5 2000
hip20677 04 25 45.60 -69 59 37.3 2000
hip20697 04 26 01.07 -13 16 49.2 2000
hip20752 04 26 48.84 -01 43 28.9 2000
hip20753 04 26 49.34 +42 54 35.7 2000
hip20811 04 27 32.60 -40 28 20.8 2000
hip20826 04 27 46.01 +11 44 11.2 2000
hip20899 04 28 48.23 +17 17 07.9 2000
hip20917 04 29 00.17 +21 55 20.2 2000
hip20981 04 29 58.64 -72 16 31.9 2000
hip21035 04 30 36.69 -40 23 42.8 2000
hip21165 04 32 15.41 +77 37 27.4 2000
hip21226 04 33 09.84 +04 58 13.1 2000
hip21231 04 33 16.00 +55 27 44.6 2000
hip21272 04 33 50.45 +05 23 08.5 2000
hip21279 04 33 54.96 -18 10 47.3 2000
hip21317 04 34 35.25 +15 30 16.9 2000
hip21327 04 34 38.57 -35 39 27.0 2000
hip21368 04 35 04.50 -41 33 49.2 2000
hip21383 04 35 21.56 -04 44 09.5 2000
hip21414 04 35 45.62 -21 20 23.4 2000
hip21436 04 36 13.94 +21 32 11.9 2000
hip21553 04 37 40.64 +52 53 41.2 2000
hip21571 04 37 52.15 +60 40 34.1 2000
hip21723 04 39 50.91 +12 43 42.7 2000
hip21731 04 39 58.13 -71 30 19.9 2000
hip21988 04 43 35.40 +27 41 17.0 2000
hip22032 04 44 11.07 +46 57 56.4 2000
hip22142 04 45 53.93 -48 02 07.5 2000
hip22278 04 47 48.76 -58 21 41.4 2000
hip22373 04 48 58.01 -28 43 26.8 2000
hip22504 04 50 32.90 -85 22 30.3 2000
hip22507 04 50 35.46 -34 12 25.9 2000
hip22576 04 51 29.43 +35 48 55.5 2000
hip22633 04 52 10.56 +31 09 51.9 2000
hip22717 04 53 05.73 -72 24 30.0 2000
hip22718 04 53 07.03 +34 42 20.7 2000
hip22743 04 53 34.10 +23 18 56.4 2000
hip22776 04 53 56.21 +36 45 26.7 2000
hip22787 04 54 04.12 -35 24 17.6 2000
hip22824 04 54 42.54 -31 25 59.2 2000
hip22826 04 54 43.60 +12 21 08.3 2000
hip22905 04 55 38.42 -23 14 31.9 2000
hip22907 04 55 41.79 -28 33 48.1 2000
hip23080 04 57 58.96 +34 16 06.6 2000
hip23128 04 58 35.79 -09 20 02.6 2000
hip23209 04 59 38.76 +26 15 00.2 2000
hip23286 05 00 33.77 +14 23 01.3 2000
hip23311 05 00 48.68 -05 45 03.5 2000
hip23431 05 02 09.78 +14 04 57.2 2000
hip23555 05 03 53.93 -41 44 43.2 2000
hip23627 05 04 47.52 -11 41 54.6 2000
hip23857 05 07 39.01 -53 33 26.9 2000
hip23889 05 08 00.98 -26 47 50.5 2000
hip24098 05 10 34.05 -51 18 06.1 2000
hip24205 05 11 46.34 +04 24 13.9 2000
hip24339 05 13 25.26 -18 33 30.6 2000
hip24597 05 16 35.06 -42 30 52.7 2000
hip24681 05 17 40.98 +07 21 13.3 2000
hip24682 05 17 41.18 -37 37 06.4 2000
hip24754 05 18 28.21 -51 25 35.8 2000
hip24834 05 19 25.62 -14 46 06.8 2000
hip24864 05 19 49.02 +02 30 49.9 2000
hip25002 05 21 12.98 -14 09 09.1 2000
hip25064 05 21 57.08 +42 17 09.6 2000
hip25094 05 22 19.51 +59 16 43.0 2000
hip25226 05 23 43.30 +56 05 20.0 2000
hip25351 05 25 19.28 -75 41 29.9 2000
hip25388 05 25 53.29 -06 21 45.5 2000
hip25408 05 26 05.24 -30 40 23.2 2000
hip25616 05 28 21.11 -22 26 03.4 2000
hip25670 05 28 59.18 -17 25 44.6 2000
hip25840 05 30 59.84 -10 04 49.1 2000
hip25873 05 31 23.44 +12 33 23.1 2000
hip25965 05 32 22.04 +19 07 21.3 2000
hip25973 05 32 33.68 +57 13 17.8 2000
hip26030 05 33 13.58 -65 01 22.9 2000
hip26273 05 35 41.07 -27 37 13.1 2000
hip26335 05 36 30.99 +11 19 40.8 2000
hip26737 05 40 52.01 -31 21 00.8 2000
hip26973 05 43 26.41 -47 49 24.6 2000
hip26977 05 43 28.57 -25 37 19.1 2000
hip27021 05 43 52.67 -21 16 47.2 2000
hip27058 05 44 17.56 -10 00 59.0 2000
hip27281 05 46 52.67 -28 53 23.8 2000
hip27417 05 48 20.08 -24 27 49.5 2000
hip27455 05 48 47.33 -42 19 32.6 2000
hip27501 05 49 24.80 +35 58 54.7 2000
hip27578 05 50 27.34 -43 42 00.5 2000
hip27691 05 51 45.71 -40 08 47.6 2000
hip27849 05 53 30.90 -16 15 53.2 2000
hip27887 05 54 04.30 -60 01 24.0 2000
hip27918 05 54 28.53 +02 08 37.7 2000
hip27923 05 54 31.08 -55 50 39.7 2000
hip27980 05 55 02.02 -00 30 28.3 2000
hip28044 05 55 50.42 -00 53 09.8 2000
hip28241 05 58 03.73 -35 48 00.7 2000
hip28417 06 00 06.05 +27 16 20.5 2000
hip28516 06 01 09.55 -31 43 35.4 2000
hip28661 06 03 07.98 +47 59 17.0 2000
hip28869 06 05 42.08 -61 44 55.0 2000
hip29140 06 08 47.72 -06 49 17.0 2000
hip29295 06 10 34.70 -21 51 46.5 2000
hip29432 06 12 00.45 +06 47 01.3 2000
hip29525 06 13 12.46 +10 37 40.3 2000
hip29573 06 13 52.72 +02 48 34.2 2000
hip29596 06 14 13.92 -49 48 56.4 2000
hip29673 06 15 06.05 -71 42 10.4 2000
hip29761 06 16 02.70 +70 46 57.6 2000
hip29777 06 16 12.55 +56 56 05.3 2000
hip29829 06 16 52.92 -18 36 24.4 2000
hip29864 06 17 18.69 +64 49 55.0 2000
hip30050 06 19 22.56 -66 03 35.9 2000
hip30067 06 19 40.18 +16 00 47.8 2000
hip30104 06 20 05.93 -48 44 25.6 2000
hip30179 06 21 00.10 -78 24 43.8 2000
hip30232 06 21 37.38 -18 09 59.2 2000
hip30243 06 21 43.54 -00 32 19.5 2000
hip30476 06 24 24.41 -42 50 57.9 2000
hip30503 06 24 43.99 -28 46 47.4 2000
hip30747 06 27 40.31 +30 38 42.8 2000
hip30845 06 28 40.33 -50 04 52.8 2000
hip30860 06 28 45.74 +38 57 47.1 2000
hip30862 06 28 46.25 +36 28 49.9 2000
hip30911 06 29 17.21 +39 38 53.5 2000
hip31134 06 31 56.82 -68 42 31.6 2000
hip31207 06 32 48.11 -55 04 45.4 2000
hip31415 06 35 02.97 -12 36 26.2 2000
hip31473 06 35 33.65 +76 51 59.4 2000
hip31965 06 40 49.04 +51 58 44.5 2000
hip32045 06 41 42.95 -33 28 11.1 2000
hip32103 06 42 23.36 -61 13 31.1 2000
hip32251 06 44 01.44 -42 42 54.2 2000
hip32255 06 44 09.26 -10 59 58.1 2000
hip32261 06 44 11.48 +53 17 47.1 2000
hip32262 06 44 11.49 +34 10 00.6 2000
hip32322 06 44 51.96 -27 20 32.6 2000
hip32460 06 46 29.72 -82 11 07.5 2000
hip32725 06 49 35.98 +60 09 47.0 2000
hip32842 06 50 45.48 -29 26 51.2 2000
hip32874 06 51 00.42 +25 45 39.0 2000
hip32916 06 51 30.49 +40 52 05.0 2000
hip32917 06 51 30.63 -59 42 34.6 2000
hip32962 06 51 55.87 +10 48 01.8 2000
hip32970 06 52 02.07 -33 54 56.6 2000
hip33072 06 53 16.56 -74 43 32.2 2000
hip33094 06 53 33.76 -28 32 19.4 2000
hip33212 06 54 42.85 +24 14 44.9 2000
hip33229 06 54 51.37 -55 15 32.2 2000
hip33271 06 55 15.21 +45 49 35.7 2000
hip33275 06 55 17.44 +05 54 37.7 2000
hip33371 06 56 23.24 -57 34 33.4 2000
hip33382 06 56 34.19 +01 09 48.6 2000
hip33580 06 58 37.89 +51 52 03.8 2000
hip33582 06 58 38.34 -00 28 44.4 2000
hip33642 06 59 19.90 -39 35 34.5 2000
hip33719 07 00 18.10 -05 22 02.5 2000
hip33799 07 01 04.52 -21 57 53.2 2000
hip34020 07 03 31.71 -77 56 35.4 2000
hip34024 07 03 33.51 +71 45 28.8 2000
hip34320 07 06 53.36 +55 11 23.0 2000
hip34503 07 08 55.17 +65 57 54.1 2000
hip34511 07 09 05.05 +15 25 20.2 2000
hip34540 07 09 22.15 +16 32 59.4 2000
hip34572 07 09 37.78 +60 47 31.9 2000
hip34710 07 11 17.76 -12 02 28.3 2000
hip34879 07 13 02.73 -24 13 33.0 2000
hip35096 07 15 29.23 -48 13 49.4 2000
hip35209 07 16 36.39 +01 52 44.6 2000
hip35265 07 17 09.57 +33 05 32.9 2000
hip35318 07 17 42.77 -54 29 55.4 2000
hip35472 07 19 20.80 +51 29 37.1 2000
hip35520 07 19 54.86 +46 58 21.3 2000
hip35759 07 22 33.86 +29 49 28.5 2000
hip35872 07 23 47.02 +12 57 56.7 2000
hip36111 07 26 19.82 +29 58 08.2 2000
hip36210 07 27 25.73 -51 24 09.3 2000
hip36249 07 27 50.71 +19 02 41.9 2000
hip36457 07 30 05.97 -39 34 59.3 2000
hip36512 07 30 39.99 -15 59 39.6 2000
hip36654 07 32 20.54 -49 50 55.1 2000
hip36704 07 33 00.62 +37 01 47.4 2000
hip36809 07 34 13.21 -16 11 17.1 2000
hip36906 07 35 16.13 +40 30 23.0 2000
hip36954 07 35 50.49 +73 16 30.5 2000
hip37172 07 38 17.97 +42 27 36.5 2000
hip37327 07 39 45.74 -12 30 44.6 2000
hip37390 07 40 30.55 -33 25 35.5 2000
hip37636 07 43 22.19 +22 23 58.0 2000
hip37722 07 44 13.86 +20 12 06.2 2000
hip37732 07 44 19.76 -05 03 19.5 2000
hip37930 07 46 23.36 -61 25 51.0 2000
hip38041 07 47 49.57 -54 15 48.5 2000
hip38228 07 49 55.07 +27 21 47.6 2000
hip38374 07 51 42.04 +09 23 11.4 2000
hip38392 07 51 55.93 -11 01 57.2 2000
hip38522 07 53 19.16 +51 18 12.7 2000
hip38747 07 55 58.21 -09 47 49.7 2000
hip38750 07 56 00.52 +06 30 44.9 2000
hip38784 07 56 18.87 +80 15 55.2 2000
hip38838 07 56 53.52 -00 48 43.4 2000
hip38926 07 57 54.81 +40 58 29.4 2000
hip39157 08 00 32.24 +29 12 54.7 2000
hip39169 08 00 41.25 +18 14 44.1 2000
hip39180 08 00 48.10 +19 48 58.4 2000
hip39271 08 01 50.73 +08 54 50.2 2000
hip39298 08 02 05.44 -12 48 14.7 2000
hip39306 08 02 11.09 +26 38 16.6 2000
hip39330 08 02 27.09 -46 20 12.7 2000
hip39342 08 02 31.41 -66 01 14.2 2000
hip39417 08 03 28.71 -01 09 43.9 2000
hip39710 08 07 00.30 -29 24 07.5 2000
hip39714 08 07 03.52 -04 00 50.7 2000
hip39747 08 07 25.37 +55 18 05.0 2000
hip39816 08 08 08.68 +19 12 58.2 2000
hip39911 08 09 05.35 -42 04 30.2 2000
hip40043 08 10 46.32 -62 53 48.5 2000
hip40093 08 11 21.73 +38 43 53.4 2000
hip40133 08 11 49.21 +16 31 28.2 2000
hip40174 08 12 16.08 -40 30 11.1 2000
hip40438 08 15 25.22 -52 03 36.6 2000
hip40858 08 20 12.98 -00 54 32.8 2000
hip41134 08 23 31.89 -27 49 20.2 2000
hip41254 08 25 00.31 -74 54 44.3 2000
hip41454 08 27 18.76 +35 49 02.4 2000
hip41479 08 27 35.20 -05 08 54.4 2000
hip41484 08 27 36.80 +45 39 13.8 2000
hip41526 08 28 08.98 +47 18 08.3 2000
hip41844 08 31 55.11 +50 37 03.1 2000
hip41926 08 32 52.26 -31 30 09.7 2000
hip42011 08 33 45.93 -23 21 21.4 2000
hip42030 08 34 03.25 -01 34 04.7 2000
hip42123 08 35 12.48 -39 58 14.0 2000
hip42273 08 37 10.11 +69 41 56.2 2000
hip42281 08 37 15.61 -17 29 41.2 2000
hip42291 08 37 20.23 -40 08 51.9 2000
hip42403 08 38 45.55 +23 41 10.6 2000
hip42539 08 40 18.65 -79 40 26.0 2000
hip42612 08 41 04.47 -02 00 45.1 2000
hip42922 08 44 50.93 -44 32 34.5 2000
hip42943 08 45 12.03 +15 20 31.0 2000
hip43297 08 49 12.62 +03 29 04.6 2000
hip43375 08 50 07.42 +61 49 59.6 2000
hip43410 08 50 32.27 +33 17 06.9 2000
hip43487 08 51 27.99 -61 21 48.0 2000
hip43565 08 52 20.43 -12 48 30.4 2000
hip43618 08 53 01.54 +09 11 08.8 2000
hip43670 08 53 49.93 +26 54 47.7 2000
hip43706 08 54 02.63 -51 35 01.8 2000
hip43726 08 54 18.19 -05 26 04.3 2000
hip43730 08 54 21.54 +20 35 10.3 2000
hip43737 08 54 30.09 +40 08 01.2 2000
hip43777 08 54 58.94 -18 48 44.0 2000
hip43886 08 56 24.46 +83 53 15.6 2000
hip43904 08 56 39.43 +33 15 28.2 2000
hip44089 08 58 49.90 +25 24 19.1 2000
hip44097 08 58 55.78 +21 09 59.0 2000
hip44132 08 59 17.75 -35 18 36.9 2000
hip44137 08 59 22.32 +07 24 55.1 2000
hip44353 09 01 56.84 -01 07 30.9 2000
hip44487 09 03 51.30 -41 33 19.4 2000
hip44696 09 06 29.79 -02 35 59.1 2000
hip44713 09 06 38.79 -43 29 32.7 2000
hip44880 09 08 40.21 -09 23 03.2 2000
hip44907 09 08 54.21 +50 47 09.1 2000
hip45183 09 12 25.42 -81 46 07.0 2000
hip45196 09 12 37.47 +33 36 00.7 2000
hip45283 09 13 44.75 -42 18 37.0 2000
hip45606 09 17 45.67 +23 04 43.8 2000
hip45737 09 19 28.39 +00 53 50.5 2000
hip45869 09 21 10.57 +25 09 48.8 2000
hip46126 09 24 22.84 -63 43 05.4 2000
hip46324 09 26 42.81 -14 29 25.5 2000
hip46580 09 29 55.12 +05 39 17.5 2000
hip46639 09 30 36.16 +52 47 24.0 2000
hip46777 09 31 59.33 -28 13 34.2 2000
hip47012 09 34 52.83 +09 40 38.1 2000
hip47269 09 38 02.53 -35 04 35.3 2000
hip47513 09 41 10.76 +13 12 35.7 2000
hip47650 09 42 52.87 +70 02 24.2 2000
hip47663 09 43 06.05 -69 21 01.3 2000
hip47681 09 43 20.34 -29 48 14.7 2000
hip47690 09 43 25.63 +42 41 36.8 2000
hip47786 09 44 35.44 +19 00 10.2 2000
hip47947 09 46 13.27 -40 38 09.3 2000
hip47988 09 46 50.65 -01 54 23.1 2000
hip48103 09 48 26.99 +18 48 22.5 2000
hip48331 09 51 06.68 -43 30 05.9 2000
hip48351 09 51 21.69 -06 10 55.4 2000
hip48486 09 53 17.25 +69 51 31.6 2000
hip48583 09 54 31.12 -45 43 51.9 2000
hip48696 09 55 51.82 +26 51 04.2 2000
hip48714 09 56 09.06 +62 47 23.6 2000
hip48739 09 56 29.96 -24 05 58.2 2000
hip49024 10 00 06.08 -36 02 36.2 2000
hip49122 10 01 32.91 +36 30 39.7 2000
hip49246 10 03 12.07 +58 05 53.3 2000
hip49285 10 03 37.54 -29 02 36.3 2000
hip49366 10 04 37.78 -11 43 46.7 2000
hip49371 10 04 43.06 +54 20 43.7 2000
hip49644 10 07 58.44 -58 28 46.7 2000
hip49680 10 08 29.75 +33 30 54.0 2000
hip49699 10 08 43.18 +34 14 32.7 2000
hip49942 10 11 48.31 +23 45 18.1 2000
hip49986 10 12 17.76 -03 44 42.3 2000
hip50075 10 13 24.99 -33 01 54.8 2000
hip50139 10 14 08.20 +03 09 08.2 2000
hip50174 10 14 29.84 +21 10 05.6 2000
hip50316 10 16 28.12 +28 40 57.7 2000
hip50478 10 18 25.08 -26 30 00.9 2000
hip50534 10 19 16.32 -11 22 42.1 2000
hip50606 10 20 14.88 +53 46 45.4 2000
hip50657 10 20 43.80 -01 28 09.9 2000
hip50782 10 22 09.47 +11 18 39.7 2000
hip50892 10 23 32.48 +56 31 17.1 2000
hip50921 10 23 55.30 -29 38 44.8 2000
hip51007 10 25 11.25 -10 13 44.4 2000
hip51018 10 25 21.67 -15 01 36.1 2000
hip51028 10 25 29.53 -45 10 57.5 2000
hip51152 10 26 56.54 +24 56 51.2 2000
hip51163 10 27 02.35 +46 56 14.2 2000
hip51228 10 27 47.87 -34 23 57.8 2000
hip51258 10 28 13.96 -16 17 21.7 2000
hip51297 10 28 42.66 -27 21 55.4 2000
hip51468 10 30 47.50 +59 45 06.5 2000
hip51500 10 31 04.45 -78 09 55.2 2000
hip51510 10 31 08.59 -53 15 26.6 2000
hip51525 10 31 24.69 +45 31 39.0 2000
hip51579 10 32 05.49 +17 59 23.2 2000
hip51625 10 32 48.72 -50 08 09.3 2000
hip51700 10 33 50.31 +49 11 09.1 2000
hip51722 10 34 05.28 -65 23 54.2 2000
hip51779 10 34 49.15 +76 43 54.7 2000
hip51784 10 34 50.22 -03 53 57.5 2000
hip51819 10 35 11.15 +84 23 57.1 2000
hip51973 10 37 10.67 +46 32 53.3 2000
hip52084 10 38 33.92 -17 53 13.8 2000
hip52276 10 40 56.05 -13 07 46.5 2000
hip52316 10 41 24.27 -01 44 28.3 2000
hip52369 10 42 13.18 -13 47 14.3 2000
hip52578 10 45 04.22 -58 08 55.6 2000
hip52626 10 45 43.20 -10 51 58.9 2000
hip52649 10 45 57.97 -16 44 10.2 2000
hip52676 10 46 15.15 -41 27 51.3 2000
hip52732 10 46 49.03 +33 33 34.8 2000
hip52780 10 47 28.55 -13 58 44.6 2000
hip52888 10 49 00.40 -31 03 32.1 2000
hip53047 10 51 12.17 +02 42 28.9 2000
hip53087 10 51 39.41 -22 04 18.8 2000
hip53094 10 51 43.17 -02 28 02.5 2000
hip53172 10 52 39.32 -17 01 47.8 2000
hip53186 10 52 44.59 -11 25 23.5 2000
hip53225 10 53 13.44 +16 58 32.2 2000
hip53244 10 53 25.84 -44 24 40.9 2000
hip53311 10 54 12.28 -31 09 31.6 2000
hip53352 10 54 41.73 +85 21 43.7 2000
hip53401 10 55 20.17 -75 11 30.4 2000
hip53486 10 56 30.95 +07 23 19.2 2000
hip53509 10 56 45.82 -17 27 06.8 2000
hip53549 10 57 17.44 -15 44 05.2 2000
hip53688 10 59 06.09 +40 59 00.8 2000
hip53719 10 59 26.75 -56 37 21.9 2000
hip53822 11 00 42.60 +15 27 10.9 2000
hip53837 11 00 50.35 -49 01 10.9 2000
hip53898 11 01 41.52 +20 49 54.5 2000
hip53902 11 01 44.04 -20 03 33.4 2000
hip53985 11 02 38.25 +21 58 02.2 2000
hip54007 11 02 54.94 -42 49 19.9 2000
hip54083 11 04 00.19 -74 14 52.8 2000
hip54196 11 05 15.73 +25 12 07.4 2000
hip54211 11 05 32.13 +43 31 28.1 2000
hip54242 11 05 50.70 -20 24 32.3 2000
hip54287 11 06 19.67 -44 22 23.2 2000
hip54347 11 07 04.91 +25 32 13.8 2000
hip54383 11 07 36.42 +13 51 30.8 2000
hip54400 11 07 54.77 -30 10 27.3 2000
hip54599 11 10 28.06 -09 01 38.7 2000
hip54614 11 10 37.96 +42 25 34.1 2000
hip54704 11 12 01.02 -26 08 11.4 2000
hip54810 11 13 13.42 +04 28 56.7 2000
hip54906 11 14 33.23 +25 42 37.0 2000
hip55013 11 15 49.15 -39 19 26.3 2000
hip55159 11 17 35.30 -38 22 51.2 2000
hip55165 11 17 39.15 -33 32 46.8 2000
hip55210 11 18 21.54 -05 04 01.0 2000
hip55360 11 20 09.03 +65 50 45.7 2000
hip55363 11 20 11.56 -19 34 39.8 2000
hip55373 11 20 17.47 -53 38 31.7 2000
hip55455 11 21 26.96 +06 38 05.8 2000
hip55459 11 21 29.02 +58 29 03.4 2000
hip55523 11 22 19.56 -43 19 30.0 2000
hip55533 11 22 29.02 +17 26 13.4 2000
hip55633 11 23 49.94 -56 41 40.3 2000
hip55664 11 24 17.46 -01 31 43.3 2000
hip56410 11 33 56.37 +36 48 56.6 2000
hip56413 11 33 56.92 -48 49 08.2 2000
hip56526 11 35 25.45 +53 34 26.1 2000
hip56594 11 36 11.34 -37 03 51.2 2000
hip56725 11 37 48.06 -52 53 27.5 2000
hip56811 11 38 45.93 -15 04 11.7 2000
hip56830 11 39 00.42 -24 43 13.8 2000
hip56876 11 39 36.75 -35 13 57.5 2000
hip56955 11 40 30.76 +03 39 15.5 2000
hip56998 11 41 03.01 -44 24 20.8 2000
hip57083 11 42 07.47 +04 44 50.1 2000
hip57092 11 42 14.82 -75 13 38.3 2000
hip57216 11 43 55.79 -52 36 00.1 2000
hip57321 11 45 11.50 -40 44 45.8 2000
hip57349 11 45 31.02 +47 40 03.3 2000
hip57350 11 45 31.34 +65 32 26.9 2000
hip57352 11 45 32.03 -71 14 41.3 2000
hip57460 11 46 42.44 -19 28 11.1 2000
hip57507 11 47 15.99 -30 17 09.4 2000
hip57563 11 47 56.39 +27 20 26.1 2000
hip57594 11 48 26.62 -23 05 26.3 2000
hip57617 11 48 51.33 +18 49 23.2 2000
hip57802 11 51 07.53 +35 16 17.0 2000
hip57918 11 52 45.59 +47 32 47.8 2000
hip58068 11 54 33.47 -54 38 04.4 2000
hip58254 11 56 51.13 -38 50 57.4 2000
hip58333 11 57 46.21 -08 16 30.3 2000
hip58345 11 57 56.92 -27 42 19.9 2000
hip58401 11 58 28.61 -41 55 16.9 2000
hip58451 11 59 09.92 -20 21 09.9 2000
hip58517 12 00 03.52 -46 47 02.3 2000
hip58532 12 00 12.59 -20 44 08.5 2000
hip58950 12 05 13.28 -28 42 58.4 2000
hip59019 12 06 02.30 -37 05 12.0 2000
hip59175 12 08 07.07 +39 39 19.9 2000
hip59299 12 09 58.10 -13 26 07.9 2000
hip59417 12 11 18.02 -05 55 33.0 2000
hip59448 12 11 38.05 -54 25 03.5 2000
hip59533 12 12 29.24 -66 00 27.6 2000
hip59572 12 12 57.41 +10 02 18.9 2000
hip59589 12 13 13.11 +10 49 23.1 2000
hip59597 12 13 19.42 +29 15 23.6 2000
hip59696 12 14 29.76 -29 35 54.6 2000
hip59726 12 14 57.64 -41 08 21.2 2000
hip59735 12 15 01.47 +30 08 29.3 2000
hip59901 12 17 08.39 -57 42 08.8 2000
hip59993 12 18 13.74 -20 50 25.7 2000
hip60048 12 18 54.02 -40 07 39.6 2000
hip60081 12 19 13.52 -03 19 10.8 2000
hip60130 12 19 54.67 +10 29 03.9 2000
hip60268 12 21 28.50 +61 44 52.4 2000
hip60305 12 21 56.30 +47 10 56.1 2000
hip60370 12 22 44.68 -39 10 38.4 2000
hip60551 12 24 46.33 +38 19 06.9 2000
hip60591 12 25 08.63 -42 30 51.3 2000
hip60599 12 25 15.07 +23 55 34.7 2000
hip60641 12 25 40.63 -00 16 56.1 2000
hip60689 12 26 17.96 -51 21 45.8 2000
hip60729 12 26 48.71 -48 54 46.8 2000
hip60902 12 28 54.24 +01 08 55.6 2000
hip60926 12 29 12.68 -85 34 45.3 2000
hip60946 12 29 33.05 +56 19 56.6 2000
hip61020 12 30 19.96 +21 56 54.0 2000
hip61028 12 30 26.80 +22 52 48.2 2000
hip61044 12 30 42.09 +50 58 30.0 2000
hip61053 12 30 50.11 +53 04 34.2 2000
hip61073 12 31 01.39 +38 09 52.6 2000
hip61078 12 31 04.37 +39 34 55.4 2000
hip61264 12 33 19.12 +49 18 07.2 2000
hip61298 12 33 34.98 +07 16 51.3 2000
hip61313 12 33 40.26 -54 55 24.3 2000
hip61320 12 33 47.41 +33 23 04.9 2000
hip61323 12 33 49.00 -23 30 55.7 2000
hip61389 12 34 47.86 +21 32 51.8 2000
hip61476 12 35 49.30 -20 27 56.9 2000
hip61483 12 35 51.78 +69 00 49.5 2000
hip61505 12 36 06.70 -42 51 07.8 2000
hip61716 12 39 01.20 -56 54 38.0 2000
hip61811 12 40 04.17 +68 48 08.5 2000
hip61858 12 40 40.73 -08 26 53.1 2000
hip61901 12 41 06.41 +15 22 39.2 2000
hip61971 12 41 59.60 -05 13 14.9 2000
hip61995 12 42 17.89 +33 41 19.8 2000
hip61998 12 42 19.79 -39 56 10.1 2000
hip62039 12 42 59.46 -04 02 56.0 2000
hip62127 12 43 58.42 -35 07 22.1 2000
hip62240 12 45 23.26 +04 21 37.8 2000
hip62304 12 46 00.99 -09 18 46.4 2000
hip62408 12 47 21.05 -19 00 15.9 2000
hip62523 12 48 47.26 +24 50 25.7 2000
hip62585 12 49 27.02 +05 10 20.3 2000
hip62589 12 49 31.86 -45 49 32.5 2000
hip62632 12 50 01.70 -07 11 49.7 2000
hip62653 12 50 17.23 +22 51 48.8 2000
hip62661 12 50 20.48 -30 34 37.8 2000
hip62687 12 50 43.58 -00 46 01.8 2000
hip62747 12 51 25.36 -13 29 25.4 2000
hip62857 12 53 01.70 +26 47 40.1 2000
hip63048 12 55 08.27 +27 45 59.5 2000
hip63075 12 55 28.25 +25 44 18.1 2000
hip63535 13 01 11.61 -79 00 21.2 2000
hip63689 13 03 05.90 -68 47 42.6 2000
hip63732 13 03 37.03 -11 34 56.6 2000
hip63881 13 05 29.71 +16 05 45.4 2000
hip64029 13 07 18.53 +71 23 39.5 2000
hip64041 13 07 30.39 +03 56 14.0 2000
hip64150 13 08 50.97 +05 12 31.9 2000
hip64182 13 09 15.34 +23 53 35.0 2000
hip64349 13 11 24.21 +73 51 21.0 2000
hip64355 13 11 28.72 +40 47 33.0 2000
hip64457 13 12 43.87 -02 15 54.2 2000
hip64459 13 12 44.39 -31 52 21.4 2000
hip64538 13 13 41.09 +46 28 34.6 2000
hip64544 13 13 45.23 -26 30 57.0 2000
hip64550 13 13 52.32 -45 11 07.9 2000
hip64698 13 15 37.18 +09 00 58.8 2000
hip64747 13 16 11.06 +35 53 10.6 2000
hip64783 13 16 40.08 -05 34 24.2 2000
hip64905 13 18 13.67 -14 34 54.1 2000
hip64944 13 18 45.36 -17 08 01.3 2000
hip64984 13 19 06.88 +02 54 12.8 2000
hip64985 13 19 08.50 -37 40 04.0 2000
hip65028 13 19 47.30 +36 22 25.8 2000
hip65121 13 20 44.07 +04 07 56.8 2000
hip65165 13 21 12.35 +61 05 05.0 2000
hip65216 13 21 56.64 +22 18 39.3 2000
hip65218 13 21 57.11 -38 51 15.7 2000
hip65275 13 22 43.71 -18 01 50.9 2000
hip65356 13 23 41.18 -15 07 04.3 2000
hip65515 13 25 45.77 +56 58 13.7 2000
hip65530 13 26 00.37 +63 15 38.7 2000
hip65556 13 26 26.11 +23 33 30.6 2000
hip65767 13 29 01.30 +15 54 38.4 2000
hip65808 13 29 21.26 -35 34 15.0 2000
hip65859 13 29 59.12 +10 22 47.2 2000
hip65867 13 30 01.17 +19 03 42.6 2000
hip65900 13 30 31.12 +44 34 58.5 2000
hip65945 13 31 10.45 +21 19 59.8 2000
hip66032 13 32 16.24 -47 25 06.1 2000
hip66051 13 32 30.91 +36 02 09.0 2000
hip66147 13 33 32.70 +08 35 11.5 2000
hip66238 13 34 32.31 -38 54 22.5 2000
hip66459 13 37 28.54 +35 43 04.5 2000
hip66509 13 38 00.39 +19 08 55.9 2000
hip66621 13 39 21.22 +31 46 26.9 2000
hip66637 13 39 34.38 +01 05 18.5 2000
hip66754 13 40 56.39 -54 49 11.1 2000
hip66765 13 41 04.02 -34 27 49.5 2000
hip66856 13 42 05.34 +22 37 12.8 2000
hip66971 13 43 35.19 +35 20 45.6 2000
hip66974 13 43 35.89 +14 21 56.3 2000
hip67052 13 44 27.60 +77 13 51.3 2000
hip67155 13 45 42.70 +14 53 42.2 2000
hip67177 13 46 00.50 +37 31 30.5 2000
hip67203 13 46 17.62 -30 28 28.0 2000
hip67240 13 46 45.73 -20 51 10.3 2000
hip67246 13 46 57.42 +06 21 02.3 2000
hip67364 13 48 24.62 +23 26 57.4 2000
hip67366 13 48 26.10 -04 42 33.7 2000
hip67371 13 48 31.79 -55 36 52.9 2000
hip67392 13 48 42.90 +42 20 15.9 2000
hip67487 13 49 45.91 -22 06 35.6 2000
hip67608 13 51 12.05 +27 07 43.6 2000
hip67791 13 53 15.69 -56 41 54.7 2000
hip67879 13 54 09.90 +03 09 14.8 2000
hip67904 13 54 28.07 +20 38 31.1 2000
hip68003 13 55 32.59 +51 13 12.6 2000
hip68030 13 55 50.17 +14 03 23.3 2000
hip68090 13 56 27.19 -16 11 46.4 2000
hip68107 13 56 36.53 -10 02 02.0 2000
hip68134 13 56 55.01 +44 16 57.0 2000
hip68184 13 57 32.10 +61 29 32.4 2000
hip68337 13 59 19.51 +22 52 11.0 2000
hip68469 14 01 03.67 -02 39 22.8 2000
hip68517 14 01 37.27 +16 45 27.4 2000
hip68602 14 02 33.55 -35 47 48.0 2000
hip68621 14 02 49.94 +54 39 58.0 2000
hip68792 14 04 51.78 +58 52 02.9 2000
hip68805 14 05 10.75 -09 02 54.6 2000
hip69090 14 08 27.71 -74 51 02.6 2000
hip69157 14 09 25.01 -34 52 58.0 2000
hip69166 14 09 29.14 +38 41 27.6 2000
hip69202 14 10 04.89 -46 16 09.0 2000
hip69357 14 11 46.32 -12 36 40.8 2000
hip69411 14 12 42.06 +15 39 44.9 2000
hip69414 14 12 45.33 -03 19 09.5 2000
hip69518 14 13 51.45 +46 19 30.5 2000
hip69526 14 13 57.34 +30 13 00.3 2000
hip69564 14 14 21.49 -05 56 52.5 2000
hip69570 14 14 24.92 -48 08 46.8 2000
hip69660 14 15 24.81 -37 57 31.9 2000
hip69667 14 15 36.16 +58 45 05.1 2000
hip69680 14 15 48.92 +34 35 09.5 2000
hip69709 14 16 05.60 +50 10 07.7 2000
hip69738 14 16 26.34 +58 04 58.2 2000
hip69780 14 16 57.61 -50 16 52.8 2000
hip69979 14 19 09.24 +59 18 07.2 2000
hip69982 14 19 12.02 -60 49 33.6 2000
hip70105 14 20 42.86 +57 10 52.8 2000
hip70123 14 20 53.55 -17 28 52.9 2000
hip70218 14 21 57.64 +29 37 49.3 2000
hip70252 14 22 28.93 +60 57 57.3 2000
hip70319 14 23 15.15 +01 14 33.8 2000
hip70383 14 24 00.73 +05 49 22.6 2000
hip70470 14 24 49.06 +41 16 32.2 2000
hip70499 14 25 15.75 +53 35 06.5 2000
hip70520 14 25 30.04 +20 35 29.7 2000
hip70623 14 26 48.37 -05 10 38.7 2000
hip70646 14 26 59.00 +52 29 09.1 2000
hip70782 14 28 31.25 +02 47 19.3 2000
hip70873 14 29 36.69 +41 47 47.2 2000
hip70950 14 30 45.32 +35 27 11.8 2000
hip71050 14 31 48.92 -64 17 00.5 2000
hip71062 14 31 55.90 -68 48 33.1 2000
hip71168 14 33 20.27 +36 57 33.1 2000
hip71177 14 33 25.46 +06 17 10.4 2000
hip71181 14 33 29.05 +52 54 29.5 2000
hip71322 14 35 06.00 +23 30 56.9 2000
hip71395 14 36 00.44 +09 44 49.7 2000
hip71458 14 36 48.47 -29 06 43.6 2000
hip71559 14 38 07.13 -12 54 38.0 2000
hip71605 14 38 40.21 +30 00 53.9 2000
hip71679 14 39 39.74 +66 20 48.5 2000
hip71718 14 40 10.67 +57 42 47.4 2000
hip71726 14 40 18.33 +30 26 38.2 2000
hip71755 14 40 39.21 -65 25 06.2 2000
hip71785 14 41 02.43 -02 25 23.7 2000
hip71806 14 41 18.81 +03 26 55.8 2000
hip71834 14 41 41.43 -09 48 34.1 2000
hip71855 14 41 52.19 -75 08 22.0 2000
hip72155 14 45 30.74 -37 57 23.5 2000
hip72180 14 45 48.85 +14 38 32.2 2000
hip72190 14 45 56.84 +10 03 07.5 2000
hip72223 14 46 16.34 +03 30 15.1 2000
hip72312 14 47 16.27 +02 42 12.3 2000
hip72339 14 47 32.80 -00 16 52.1 2000
hip72353 14 47 43.42 -27 41 56.3 2000
hip72507 14 49 31.75 -59 07 54.1 2000
hip72577 14 50 21.32 +06 48 54.3 2000
hip72600 14 50 38.00 -32 27 58.2 2000
hip72604 14 50 41.25 +22 54 28.0 2000
hip72688 14 51 41.07 -24 18 11.1 2000
hip72735 14 52 13.96 +15 23 53.5 2000
hip72772 14 52 33.33 -30 34 37.7 2000
hip72830 14 53 11.98 +28 30 29.0 2000
hip72944 14 54 29.07 +16 06 04.9 2000
hip72960 14 54 38.03 -51 24 22.7 2000
hip73005 14 55 12.00 +53 40 45.1 2000
hip73139 14 56 48.68 -20 29 23.5 2000
hip73388 14 59 52.42 +27 09 36.6 2000
hip73547 15 01 53.29 -47 00 26.3 2000
hip73593 15 02 33.18 +16 03 17.1 2000
hip73623 15 02 58.80 +65 46 42.9 2000
hip73941 15 06 35.19 +36 27 21.5 2000
hip74033 15 07 46.81 +08 52 47.7 2000
hip74059 15 08 06.49 -12 03 04.6 2000
hip74092 15 08 30.21 +72 22 09.7 2000
hip74097 15 08 35.82 +70 08 48.5 2000
hip74176 15 09 22.34 +57 06 44.5 2000
hip74273 15 10 44.97 -61 25 20.2 2000
hip74330 15 11 32.11 -73 09 09.6 2000
hip74373 15 11 54.17 +09 46 37.2 2000
hip74389 15 12 10.29 -30 53 09.7 2000
hip74500 15 13 28.92 -25 18 33.0 2000
hip74702 15 15 59.06 +00 47 48.1 2000
hip74818 15 17 22.65 +74 02 42.2 2000
hip74948 15 18 55.54 -01 35 32.8 2000
hip74976 15 19 18.77 +61 22 30.0 2000
hip75101 15 20 47.17 -02 24 46.5 2000
hip75235 15 22 25.73 -66 35 57.7 2000
hip75253 15 22 36.73 -10 39 38.3 2000
hip75266 15 22 42.76 +01 25 10.2 2000
hip75277 15 22 46.98 +18 55 07.6 2000
hip75281 15 22 52.23 +13 21 59.4 2000
hip75407 15 24 28.36 +81 53 41.9 2000
hip75595 15 26 43.64 +45 36 13.6 2000
hip75634 15 27 10.41 +84 49 31.3 2000
hip75793 15 29 03.60 +41 33 36.0 2000
hip75881 15 29 57.64 +32 37 07.4 2000
hip75948 15 30 42.84 -21 52 43.0 2000
hip76046 15 31 48.97 -02 03 58.9 2000
hip76054 15 31 55.56 -43 39 52.3 2000
hip76200 15 33 53.69 -31 01 08.3 2000
hip76543 15 37 59.13 +10 14 26.7 2000
hip76593 15 38 33.43 +65 47 26.6 2000
hip76651 15 39 09.53 +57 55 27.9 2000
hip76751 15 40 21.44 +01 28 08.6 2000
hip76804 15 40 55.37 -08 59 53.7 2000
hip76906 15 42 13.11 +07 49 23.4 2000
hip77159 15 45 15.16 +04 42 30.8 2000
hip77241 15 46 16.45 +45 01 18.9 2000
hip77253 15 46 24.52 +52 08 51.8 2000
hip77325 15 47 12.87 -42 12 15.8 2000
hip77348 15 47 24.17 -01 03 48.6 2000
hip77410 15 48 11.83 -04 47 09.4 2000
hip77522 15 49 43.03 +25 38 41.3 2000
hip77603 15 50 34.26 -44 33 54.1 2000
hip77718 15 52 00.59 +15 14 10.4 2000
hip77772 15 52 52.08 -37 23 54.6 2000
hip77930 15 54 54.92 +22 08 33.2 2000
hip77954 15 55 12.25 -52 58 34.6 2000
hip78026 15 55 55.51 -58 41 01.2 2000
hip78169 15 57 40.92 -60 12 00.0 2000
hip78424 16 00 36.73 +80 37 39.9 2000
hip78516 16 01 45.67 +31 52 34.3 2000
hip78775 16 04 57.22 +39 09 23.0 2000
hip78955 16 07 03.53 -14 04 16.8 2000
hip79165 16 09 26.69 +11 34 27.2 2000
hip79169 16 09 30.11 -17 11 16.1 2000
hip79214 16 10 00.54 -35 38 32.6 2000
hip79248 16 10 24.21 +43 49 06.1 2000
hip79327 16 11 23.80 +28 26 19.3 2000
hip79346 16 11 36.43 -27 04 41.5 2000
hip79377 16 12 02.43 -18 13 57.2 2000
hip79524 16 13 40.42 -21 23 59.9 2000
hip79619 16 14 50.25 +70 55 49.3 2000
hip79636 16 15 04.38 -56 22 26.4 2000
hip79658 16 15 19.14 -27 12 35.8 2000
hip79715 16 16 06.53 -52 48 52.3 2000
hip79862 16 18 05.92 +34 28 58.5 2000
hip79946 16 19 08.39 -28 17 35.8 2000
hip79967 16 19 20.72 -54 30 48.1 2000
hip79969 16 19 22.59 -25 45 38.3 2000
hip80013 16 19 59.56 -40 49 04.6 2000
hip80109 16 21 08.32 -19 56 40.1 2000
hip80182 16 22 07.02 +12 12 53.0 2000
hip80266 16 23 07.61 -00 15 48.5 2000
hip80423 16 24 56.52 -51 25 44.5 2000
hip80684 16 28 24.17 +15 25 52.7 2000
hip80722 16 28 50.67 +04 47 37.1 2000
hip80818 16 30 15.04 +47 57 11.0 2000
hip80936 16 31 37.13 +12 25 17.1 2000
hip80959 16 31 53.92 -26 00 40.9 2000
hip81061 16 33 21.04 +25 41 23.6 2000
hip81167 16 34 41.21 +63 56 05.8 2000
hip81269 16 35 55.71 -37 21 46.6 2000
hip81294 16 36 14.43 -15 10 10.5 2000
hip81424 16 37 47.57 -65 02 47.3 2000
hip81453 16 38 10.52 +73 19 35.4 2000
hip81608 16 40 01.81 -06 04 51.7 2000
hip81691 16 41 16.74 +01 14 43.7 2000
hip81749 16 41 50.63 -54 44 57.5 2000
hip81800 16 42 27.70 +49 56 12.1 2000
hip81813 16 42 39.02 +68 06 04.1 2000
hip81910 16 43 51.45 -26 48 31.3 2000
hip82003 16 45 06.38 +33 30 29.9 2000
hip82120 16 46 34.19 -17 35 42.0 2000
hip82233 16 48 01.80 -15 57 49.4 2000
hip82267 16 48 35.56 +37 00 51.3 2000
hip82332 16 49 23.41 +52 55 00.7 2000
hip82389 16 50 05.32 +18 54 02.1 2000
hip82426 16 50 43.13 +32 33 12.8 2000
hip82568 16 52 41.12 +18 03 43.9 2000
hip82636 16 53 32.23 +42 49 32.3 2000
hip82679 16 54 03.12 +61 38 47.4 2000
hip82708 16 54 20.70 -25 49 45.4 2000
hip82954 16 57 06.05 -64 11 19.6 2000
hip82964 16 57 13.69 +71 27 46.9 2000
hip82983 16 57 28.86 -74 57 40.2 2000
hip83163 16 59 44.32 -18 14 52.8 2000
hip83181 17 00 01.60 -07 31 53.8 2000
hip83204 17 00 16.31 +10 49 23.0 2000
hip83222 17 00 28.96 +45 46 43.1 2000
hip83229 17 00 31.83 -57 17 47.0 2000
hip83265 17 01 06.01 +57 06 49.5 2000
hip83389 17 02 36.30 +47 04 47.3 2000
hip83541 17 04 27.78 -28 34 55.3 2000
hip83547 17 04 30.79 -43 18 33.9 2000
hip83601 17 05 16.83 +00 42 12.1 2000
hip83641 17 05 38.25 -57 04 59.3 2000
hip83643 17 05 41.89 +25 30 25.2 2000
hip83689 17 06 16.17 +15 13 47.4 2000
hip83827 17 07 55.94 +32 06 20.1 2000
hip83863 17 08 21.44 +04 25 29.9 2000
hip83867 17 08 25.08 -12 02 00.0 2000
hip83874 17 08 32.74 -36 38 34.2 2000
hip83949 17 09 34.78 +33 21 23.0 2000
hip84069 17 11 15.63 -56 40 50.4 2000
hip84082 17 11 22.61 +04 41 25.0 2000
hip84511 17 16 36.01 +52 47 04.3 2000
hip84636 17 18 07.08 -24 04 22.2 2000
hip84781 17 19 46.54 +06 33 12.6 2000
hip84801 17 19 59.52 -05 55 01.3 2000
hip84907 17 21 07.58 -24 41 00.7 2000
hip84916 17 21 13.16 +46 09 01.1 2000
hip85007 17 22 27.61 +24 52 47.4 2000
hip85042 17 22 51.27 -02 23 16.5 2000
hip85064 17 23 04.41 -07 06 16.0 2000
hip85235 17 25 00.90 +67 18 24.1 2000
hip85294 17 25 45.40 +27 18 12.5 2000
hip85295 17 25 45.57 +02 06 51.5 2000
hip85468 17 27 55.11 -42 24 30.3 2000
hip85588 17 29 25.58 -33 45 37.4 2000
hip85632 17 29 58.40 -17 48 51.8 2000
hip85664 17 30 22.21 +10 46 06.9 2000
hip85757 17 31 25.56 -02 32 18.8 2000
hip85799 17 31 54.13 +16 49 26.6 2000
hip85808 17 31 59.36 +35 42 52.0 2000
hip85810 17 32 01.17 +34 16 15.6 2000
hip86431 17 39 37.24 +37 11 08.7 2000
hip86438 17 39 41.47 +64 32 11.8 2000
hip86516 17 40 50.10 -49 57 28.1 2000
hip86544 17 41 10.64 -65 19 40.0 2000
hip86551 17 41 15.65 -34 58 08.8 2000
hip86740 17 43 27.26 +27 01 22.3 2000
hip86985 17 46 31.80 -07 59 07.1 2000
hip86991 17 46 35.99 -62 45 03.3 2000
hip87089 17 47 42.41 +04 56 24.6 2000
hip87125 17 48 01.62 -43 26 36.1 2000
hip87316 17 50 30.20 -54 43 50.9 2000
hip87382 17 51 14.04 +40 04 20.8 2000
hip87523 17 52 52.47 -41 59 45.8 2000
hip87664 17 54 24.16 -33 37 06.2 2000
hip87710 17 54 57.70 -07 44 01.7 2000
hip88006 17 58 38.06 +44 56 14.7 2000
hip88150 18 00 15.94 +63 33 05.1 2000
hip88154 18 00 18.48 -39 14 57.5 2000
hip88194 18 00 38.99 +29 34 17.4 2000
hip88217 18 00 57.31 +15 05 37.7 2000
hip88305 18 02 00.49 +22 27 20.3 2000
hip88342 18 02 28.54 -03 09 26.4 2000
hip88502 18 04 20.46 -10 54 37.8 2000
hip88533 18 04 43.18 +40 05 02.9 2000
hip88562 18 04 59.01 +29 04 51.6 2000
hip88644 18 05 52.35 +07 05 27.2 2000
hip88782 18 07 26.24 -46 53 54.8 2000
hip88799 18 07 36.64 +58 58 31.3 2000
hip88972 18 09 37.65 +38 27 32.1 2000
hip89282 18 13 07.18 +41 28 32.4 2000
hip89408 18 14 43.99 +29 12 28.4 2000
hip89474 18 15 32.53 +45 12 34.5 2000
hip89522 18 16 03.47 +39 23 03.2 2000
hip90004 18 21 49.80 -11 55 21.1 2000
hip90094 18 23 06.91 -73 00 52.4 2000
hip90179 18 24 08.55 +79 13 21.2 2000
hip90223 18 24 33.11 -49 39 09.1 2000
hip90275 18 25 11.85 +49 51 52.8 2000
hip90522 18 28 16.53 -40 30 11.9 2000
hip90565 18 28 47.68 -10 13 35.1 2000
hip90586 18 29 03.87 +43 56 20.1 2000
hip90656 18 29 52.31 -01 49 03.5 2000
hip90790 18 31 19.04 -18 54 30.0 2000
hip90864 18 32 10.39 +13 44 10.6 2000
hip90902 18 32 30.23 +68 36 50.5 2000
hip90959 18 33 17.87 +22 18 55.5 2000
hip91027 18 34 08.96 +34 26 53.5 2000
hip91283 18 37 10.48 +24 26 01.0 2000
hip91287 18 37 12.73 -25 40 14.1 2000
hip91332 18 37 42.56 -07 20 11.5 2000
hip91606 18 40 56.40 +62 44 57.6 2000
hip91659 18 41 28.51 +12 14 11.5 2000
hip91700 18 42 02.36 -34 27 58.2 2000
hip91949 18 44 35.21 +43 49 59.8 2000
hip92200 18 47 27.33 -03 38 21.0 2000
hip92233 18 47 49.20 -77 52 07.0 2000
hip92519 18 51 19.74 -44 28 31.6 2000
hip92895 18 55 40.89 +04 15 56.0 2000
hip93185 18 58 50.96 +30 10 48.6 2000
hip93373 19 01 05.29 -66 11 30.3 2000
hip93374 19 01 05.43 +19 18 34.6 2000
hip93570 19 03 27.93 +65 35 12.9 2000
hip93638 19 04 06.25 -59 44 33.7 2000
hip93685 19 04 41.48 -31 22 21.2 2000
hip93745 19 05 20.77 -61 41 25.2 2000
hip93746 19 05 20.80 +25 55 14.8 2000
hip93834 19 06 33.92 -82 29 32.9 2000
hip93858 19 06 52.61 -37 48 35.2 2000
hip93916 19 07 23.84 +20 25 32.4 2000
hip94099 19 09 18.50 +17 04 26.8 2000
hip94126 19 09 37.89 +76 10 57.8 2000
hip94154 19 09 54.31 -68 17 58.5 2000
hip94191 19 10 33.40 -78 03 32.1 2000
hip94417 19 13 00.71 -49 54 10.1 2000
hip94645 19 15 33.16 -24 10 44.8 2000
hip94761 19 16 55.60 +05 10 19.7 2000
hip94971 19 19 33.07 -42 03 54.7 2000
hip94981 19 19 39.05 +37 19 51.5 2000
hip95015 19 20 00.17 -09 19 22.2 2000
hip95249 19 22 46.60 +30 16 15.9 2000
hip95262 19 22 52.93 -32 55 05.0 2000
hip95319 19 23 33.95 +33 13 17.6 2000
hip95321 19 23 36.60 -63 11 29.7 2000
hip95446 19 24 56.09 +31 48 05.1 2000
hip95669 19 27 35.07 -78 13 15.9 2000
hip95772 19 28 46.39 +11 01 37.4 2000
hip95821 19 29 21.46 +31 36 34.8 2000
hip95849 19 29 40.57 -30 47 49.6 2000
hip95950 19 30 44.60 -68 58 19.5 2000
hip96085 19 32 06.56 -11 16 30.0 2000
hip96124 19 32 40.28 -28 01 04.8 2000
hip96183 19 33 25.57 +21 50 27.0 2000
hip96265 19 34 26.12 -12 55 35.2 2000
hip96294 19 34 45.29 +16 38 30.0 2000
hip96308 19 34 55.45 +11 25 26.7 2000
hip96514 19 37 15.96 +26 09 15.9 2000
hip96800 19 40 38.71 +44 47 20.6 2000
hip96849 19 41 10.52 -51 31 32.7 2000
hip96881 19 41 36.07 -35 43 31.1 2000
hip96948 19 42 29.67 +01 35 12.0 2000
hip97033 19 43 14.28 +58 01 00.3 2000
hip97088 19 43 52.52 -35 15 10.5 2000
hip97336 19 46 58.01 +34 25 11.4 2000
hip97399 19 47 46.49 +63 51 37.1 2000
hip97405 19 47 51.17 -29 09 33.6 2000
hip97591 19 50 09.68 -60 55 25.6 2000
hip97965 19 54 35.34 +41 27 52.0 2000
hip98004 19 55 00.14 +34 54 02.0 2000
hip98222 19 57 37.15 -37 44 42.5 2000
hip98377 19 59 12.05 +11 18 20.0 2000
hip98456 20 00 13.64 +37 29 23.2 2000
hip98589 20 01 32.71 -16 52 07.7 2000
hip98621 20 01 51.68 -69 11 15.4 2000
hip98698 20 02 47.10 +03 19 33.2 2000
hip98714 20 03 00.70 +28 18 25.3 2000
hip98792 20 03 52.77 +23 20 34.5 2000
hip98813 20 04 02.62 -37 52 32.0 2000
hip98839 20 04 18.08 -26 19 45.7 2000
hip99115 20 07 19.69 -35 32 17.3 2000
hip99139 20 07 36.94 -41 01 07.1 2000
hip99188 20 08 09.57 -52 34 39.9 2000
hip99232 20 08 36.40 +85 07 27.4 2000
hip99241 20 08 42.85 +50 35 10.1 2000
hip99344 20 09 48.27 -51 43 05.2 2000
hip99427 20 10 52.27 +77 14 15.8 2000
hip99626 20 13 07.84 -57 28 41.9 2000
hip99687 20 13 43.88 -87 49 21.7 2000
hip99701 20 13 52.75 -45 09 49.1 2000
hip99773 20 14 34.81 -15 20 05.5 2000
hip99987 20 17 00.59 +56 54 17.0 2000
hip100072 20 18 10.02 -04 43 43.0 2000
hip100233 20 19 45.27 -25 13 41.7 2000
hip100359 20 21 12.81 -81 36 55.8 2000
hip100363 20 21 15.28 +28 06 26.0 2000
hip100500 20 22 45.08 +19 51 00.3 2000
hip100721 20 25 13.18 +03 59 20.3 2000
hip100855 20 26 57.67 -15 54 29.3 2000
hip100925 20 27 44.25 -30 51 59.7 2000
hip100963 20 28 11.83 +22 07 46.5 2000
hip100968 20 28 16.50 -87 28 19.4 2000
hip101059 20 29 11.69 +04 27 23.5 2000
hip101164 20 30 19.97 +49 46 49.2 2000
hip101226 20 31 06.89 +40 51 28.5 2000
hip101304 20 32 00.95 -65 48 54.4 2000
hip101479 20 33 56.02 -52 50 20.8 2000
hip101507 20 34 11.66 -13 43 16.5 2000
hip101739 20 37 15.92 -34 09 29.3 2000
hip101806 20 37 51.94 -60 38 03.6 2000
hip101904 20 39 02.59 -28 25 31.6 2000
hip101905 20 39 02.65 -49 19 53.3 2000
hip101997 20 40 11.43 -23 46 30.0 2000
hip102018 20 40 22.22 -24 07 02.3 2000
hip102023 20 40 28.01 -54 01 10.5 2000
hip102090 20 41 21.87 +72 58 27.9 2000
hip102259 20 43 13.74 -76 32 49.4 2000
hip102379 20 44 37.00 -10 29 40.1 2000
hip102521 20 46 34.30 -17 09 45.9 2000
hip102610 20 47 37.86 +12 59 10.2 2000
hip102747 20 49 08.26 +54 14 00.8 2000
hip102789 20 49 28.83 -51 53 26.1 2000
hip102838 20 50 02.98 +07 51 00.0 2000
hip102910 20 50 55.98 +34 45 14.4 2000
hip102961 20 51 37.47 -73 41 30.8 2000
hip103029 20 52 22.55 -64 46 03.5 2000
hip103077 20 53 05.58 -11 34 25.5 2000
hip103250 20 55 03.37 -07 10 41.6 2000
hip103269 20 55 16.71 +42 18 04.1 2000
hip103458 20 57 40.49 -44 07 37.2 2000
hip103654 21 00 05.04 -69 34 43.5 2000
hip103682 21 00 33.81 -04 43 47.7 2000
hip103692 21 00 43.40 +17 26 52.7 2000
hip103896 21 03 05.55 -19 19 14.1 2000
hip103953 21 03 46.76 -68 04 18.5 2000
hip104045 21 04 44.23 -04 49 42.3 2000
hip104318 21 07 56.41 +07 25 58.7 2000
hip104450 21 09 30.52 +01 34 06.1 2000
hip104467 21 09 43.00 -50 54 36.8 2000
hip104492 21 10 02.12 +32 12 20.8 2000
hip104805 21 14 00.91 +52 42 43.2 2000
hip104864 21 14 32.77 -22 52 41.1 2000
hip104886 21 14 46.55 +64 45 01.2 2000
hip105038 21 16 32.38 +09 23 38.8 2000
hip105184 21 18 27.08 -43 20 04.9 2000
hip105232 21 18 58.14 +26 13 49.9 2000
hip105323 21 20 00.02 -29 20 57.6 2000
hip105439 21 21 23.71 -51 45 08.6 2000
hip105541 21 22 30.91 -44 08 43.2 2000
hip105586 21 23 09.17 +29 38 22.8 2000
hip105606 21 23 22.62 -41 33 07.8 2000
hip105612 21 23 27.06 -75 29 38.7 2000
hip105876 21 26 35.32 -80 40 57.1 2000
hip105905 21 26 57.76 -56 07 32.2 2000
hip106078 21 29 14.42 -50 19 00.4 2000
hip106080 21 29 15.20 +25 26 42.1 2000
hip106098 21 29 30.98 -38 05 09.0 2000
hip106147 21 30 02.15 -12 30 34.0 2000
hip106213 21 30 47.74 -62 10 02.7 2000
hip106442 21 33 34.64 -75 24 45.7 2000
hip106554 21 34 46.99 +19 56 11.1 2000
hip106678 21 36 25.83 +18 38 04.5 2000
hip106707 21 36 53.35 +05 48 54.5 2000
hip107022 21 40 30.07 -74 04 29.3 2000
hip107040 21 40 42.96 +28 45 20.1 2000
hip107041 21 40 43.30 +54 52 19.7 2000
hip107075 21 41 10.15 +47 32 42.7 2000
hip107160 21 42 21.82 -50 05 37.0 2000
hip107362 21 44 44.80 -42 07 46.5 2000
hip107607 21 47 43.98 -55 39 15.0 2000
hip107618 21 47 50.39 -16 04 46.7 2000
hip107620 21 47 55.19 -52 55 49.5 2000
hip107708 21 49 07.01 -22 49 06.7 2000
hip107857 21 51 05.60 -10 02 17.0 2000
hip107941 21 52 06.58 +01 54 24.8 2000
hip108065 21 53 41.71 -28 40 12.3 2000
hip108068 21 53 42.71 -15 05 56.3 2000
hip108156 21 54 44.90 +32 19 44.9 2000
hip108158 21 54 45.60 -73 26 14.7 2000
hip108241 21 55 41.95 -29 42 20.5 2000
hip108252 21 55 51.95 +26 24 12.2 2000
hip108400 21 57 38.94 +43 13 04.1 2000
hip108506 21 58 54.98 -04 22 21.0 2000
hip108598 21 59 56.59 -54 39 16.7 2000
hip108736 22 01 36.47 -53 05 32.5 2000
hip108782 22 02 10.54 +01 24 03.3 2000
hip108859 22 03 10.75 +18 53 03.7 2000
hip109012 22 05 05.52 -35 10 52.6 2000
hip109037 22 05 19.47 -23 26 17.9 2000
hip109144 22 06 32.97 +01 51 24.0 2000
hip109214 22 07 30.33 -68 01 24.1 2000
hip109245 22 07 53.19 -70 17 08.6 2000
hip109271 22 08 15.24 -17 50 08.8 2000
hip109378 22 09 29.82 -07 32 51.2 2000
hip109381 22 09 34.49 -41 13 29.0 2000
hip109428 22 10 11.97 -04 55 43.7 2000
hip109439 22 10 18.96 +19 36 59.6 2000
hip109488 22 10 49.47 -55 27 24.5 2000
hip109490 22 10 50.58 +15 42 29.8 2000
hip109491 22 10 51.17 -63 05 57.9 2000
hip109527 22 11 11.90 +36 15 25.0 2000
hip109585 22 11 56.74 +59 05 03.8 2000
hip109646 22 12 43.41 -06 28 08.3 2000
hip109696 22 13 11.52 +25 56 27.3 2000
hip109821 22 14 38.21 -41 22 47.1 2000
hip109822 22 14 38.23 -15 49 03.6 2000
hip109928 22 15 54.24 +38 51 25.2 2000
hip110028 22 17 08.40 -30 09 12.0 2000
hip110084 22 17 54.56 -32 28 42.0 2000
hip110454 22 22 22.47 -15 27 03.9 2000
hip110487 22 22 50.28 +36 39 32.1 2000
hip110508 22 23 08.99 +09 27 39.6 2000
hip110512 22 23 14.23 -25 50 31.4 2000
hip110686 22 25 29.21 +04 44 52.5 2000
hip110711 22 25 49.86 +69 53 42.6 2000
hip110788 22 26 43.19 +36 46 10.7 2000
hip110821 22 27 06.71 -01 18 32.9 2000
hip110853 22 27 31.13 -31 33 14.9 2000
hip110975 22 29 03.33 +29 47 43.7 2000
hip110996 22 29 15.09 -30 00 59.2 2000
hip111063 22 29 58.76 -16 28 06.7 2000
hip111228 22 32 07.70 -31 10 23.6 2000
hip111274 22 32 33.89 -06 28 02.1 2000
hip111312 22 33 01.49 -17 30 05.0 2000
hip111349 22 33 30.45 -35 26 39.2 2000
hip111410 22 34 17.97 +17 09 12.6 2000
hip111443 22 34 36.55 +26 35 53.6 2000
hip111517 22 35 37.92 +05 22 26.0 2000
hip111565 22 36 07.34 -54 36 35.9 2000
hip111648 22 37 04.02 -59 33 34.2 2000
hip111746 22 38 10.73 -27 26 36.5 2000
hip111748 22 38 11.71 +45 49 41.6 2000
hip111812 22 38 53.76 +08 22 26.8 2000
hip111822 22 38 57.59 -10 06 08.3 2000
hip111960 22 40 43.13 -29 40 28.0 2000
hip112201 22 43 28.63 -64 48 42.9 2000
hip112369 22 45 36.07 +52 53 25.2 2000
hip112462 22 46 50.25 -20 47 26.3 2000
hip112491 22 47 09.16 -32 40 30.8 2000
hip112515 22 47 26.76 -44 57 54.7 2000
hip112581 22 48 06.80 -37 45 24.0 2000
hip112763 22 50 10.81 -41 29 22.6 2000
hip112876 22 51 29.45 +62 58 20.3 2000
hip113086 22 54 07.45 +19 53 32.5 2000
hip113100 22 54 16.18 -45 53 18.9 2000
hip113113 22 54 21.51 -65 04 53.1 2000
hip113144 22 54 43.59 +35 59 01.1 2000
hip113238 22 55 53.56 -26 39 30.0 2000
hip113283 22 56 23.82 -31 33 54.6 2000
hip113396 22 57 54.74 +24 05 35.4 2000
hip113438 22 58 29.80 +09 49 31.9 2000
hip113457 22 58 37.60 +18 23 30.5 2000
hip113528 22 59 33.75 -30 56 55.3 2000
hip113576 23 00 16.69 -22 31 28.2 2000
hip113631 23 00 47.86 -14 15 30.0 2000
hip113635 23 00 49.17 +21 22 53.3 2000
hip113695 23 01 36.87 +36 59 07.5 2000
hip113829 23 03 05.05 +20 55 07.1 2000
hip113839 23 03 11.57 -47 15 18.3 2000
hip113896 23 03 57.08 -04 47 41.8 2000
hip113973 23 04 54.03 +10 16 23.1 2000
hip113989 23 05 05.15 +68 25 00.0 2000
hip114028 23 05 30.92 +14 27 05.2 2000
hip114152 23 07 04.99 +35 38 11.3 2000
hip114322 23 09 10.35 -02 15 37.8 2000
hip114354 23 09 35.02 +01 55 34.8 2000
hip114424 23 10 24.63 -07 48 42.0 2000
hip114477 23 11 01.53 -50 58 03.8 2000
hip114615 23 13 09.81 -30 26 59.2 2000
hip114670 23 13 48.22 +15 22 04.1 2000
hip114709 23 14 08.58 -52 01 24.5 2000
hip114790 23 15 09.42 -56 43 45.9 2000
hip114814 23 15 27.75 -43 36 16.4 2000
hip114886 23 16 17.91 +30 40 12.0 2000
hip114981 23 17 16.59 +45 09 51.5 2000
hip115239 23 20 28.90 +22 09 25.1 2000
hip115286 23 20 56.75 -18 59 18.9 2000
hip115370 23 22 13.20 +19 24 02.2 2000
hip115411 23 22 43.36 -19 41 24.4 2000
hip115445 23 23 04.63 -10 45 53.6 2000
hip115547 23 24 18.86 -72 09 54.3 2000
hip115577 23 24 42.13 -52 42 05.4 2000
hip115655 23 25 45.65 +45 20 51.1 2000
hip115697 23 26 27.43 +08 38 39.8 2000
hip115799 23 27 36.19 -40 15 05.7 2000
hip115803 23 27 37.64 -33 37 39.9 2000
hip115839 23 28 05.13 -11 26 58.9 2000
hip115899 23 28 51.98 +53 40 00.5 2000
hip116085 23 31 20.95 +59 09 54.9 2000
hip116106 23 31 31.40 -04 05 13.0 2000
hip116207 23 32 44.76 +63 17 26.3 2000
hip116352 23 34 36.67 -16 59 36.8 2000
hip116410 23 35 23.07 +02 13 28.4 2000
hip116421 23 35 28.53 +31 00 59.6 2000
hip116461 23 35 53.88 +66 51 35.4 2000
hip116517 23 36 44.55 -42 21 43.9 2000
hip116542 23 37 06.50 +30 40 40.2 2000
hip116557 23 37 16.57 -59 29 25.3 2000
hip116613 23 37 58.19 +46 11 58.1 2000
hip116692 23 38 52.13 +54 26 33.3 2000
hip116777 23 40 01.06 +27 30 53.7 2000
hip116819 23 40 37.67 -18 59 19.7 2000
hip116852 23 41 08.27 -32 04 16.8 2000
hip116933 23 42 09.19 +23 59 34.8 2000
hip116937 23 42 12.47 -53 25 24.0 2000
hip117320 23 47 21.17 -48 16 30.3 2000
hip117367 23 47 52.20 +04 10 32.0 2000
hip117420 23 48 32.48 -06 22 49.4 2000
hip117427 23 48 36.79 -15 12 37.4 2000
hip117486 23 49 21.71 -60 04 23.0 2000
hip117627 23 51 20.98 -36 02 02.5 2000
hip117668 23 51 48.69 -33 27 09.5 2000
hip117836 23 53 54.22 +17 59 30.7 2000
hip117878 23 54 36.51 -60 20 57.5 2000
hip117880 23 54 38.34 -40 18 00.5 2000
hip117953 23 55 32.54 +03 30 07.8 2000
hip117961 23 55 37.36 -51 22 26.6 2000
hip118115 23 57 33.24 -09 38 49.8 2000
hip118143 23 57 50.20 -30 26 50.9 2000
hip118319 23 59 53.74 -22 25 41.5 2000