171-006161 18 44 35.148  +43 49 59.9124  2000
161-970740 19 41 45.6456  +43 44 51.5004  2000
092-736074 19 13 58.8072  +39 50 35.88  2000
076-801273 19 33 54.984  +48 08 14.7156  2000
071-652870 19 05 46.2168  +49 44 57.336  2000
069-774694 19 04 16.3776  +41 00 11.4264  2000
066-986589 19 58 10.7232  +43 42 50.1408  2000
060-955598 19 34 43.008  +46 51 09.936  2000
059-116048 19 17 46.3632  +41 24 36.6444  2000
054-184732 19 24 30.3288  +40 19 23.7396  2000
054-258514 19 26 22.0752  +50 59 14.064  2000
051-160534 19 52 52.14  +47 10 28.1712  2000
046-963065 18 59 08.6856  +48 25 23.6244  2000
040-632418 19 09 26.8368  +38 42 50.4576  2000
040-959608 19 40 58.5216  +46 50 32.8164  2000
038-202960 18 56 04.9512  +45 39 35.5752  2000
038-254821 19 17 46.5528  +50 55 44.7204  2000
037-644253 18 43 42.4224  +47 56 15.9756  2000
037-259462 18 59 36.8112  +47 19 00.1596  2000
036-182897 19 10 51.1608  +48 48 12.96  2000
035-737920 18 57 23.832  +44 54 07.668  2000
035-500161 18 43 07.9104  +43 07 39.2844  2000
035-732422 19 08 01.8168  +39 52 28.4484  2000
035-930560 19 34 46.6992  +40 04 48.1044  2000
034-285677 19 28 03.0384  +41 37 13.08  2000
034-735871 19 12 16.6416  +38 49 03.648  2000
033-482041 19 44 45.828  +47 36 38.736  2000
033-436582 19 11 42.1224  +40 38 41.4924  2000
033-435766 19 34 58.0008  +44 26 53.988  2000
032-128488 19 36 33.6408  +38 17 31.8156  2000
032-584610 19 57 48.9696  +44 37 02.9316  2000
031-946401 19 49 17.2776  +40 05 24.18  2000
030-656476 19 36 48.7944  +38 42 56.8008  2000
030-850420 19 06 35.412  +48 12 21.2328  2000
030-459987 19 08 58.0512  +47 41 08.736  2000
029-985370 19 56 59.7432  +43 45 08.3232  2000
029-029516 19 27 02.988  +48 35 11.8752  2000
029-893496 19 31 47.556  +46 45 33.0408  2000
029-738909 19 17 44.4216  +39 51 42.4008  2000
028-658610 19 20 00.0816  +49 43 25.6404  2000
028-009504 19 17 45.8064  +50 28 48.2196  2000
028-245295 19 43 28.0872  +44 11 20.6844  2000
028-223000 19 11 51.0504  +38 23 43.8684  2000
028-241581 19 32 20.4408  +38 20 30.264  2000
028-350026 18 58 49.9512  +44 19 12.1764  2000
027-871713 19 37 16.0776  +42 22 59.5956  2000
026-230145 19 56 34.4832  +47 17 30.5808  2000
026-601532 19 05 44.5752  +49 38 47.8644  2000
025-454113 18 56 36.6288  +47 39 23.076  2000
024-354360 19 19 46.1568  +51 09 42.7968  2000
024-760362 19 06 35.544  +46 33 51.948  2000
024-934241 19 50 00.3888  +48 23 06.1872  2000
023-284655 18 57 56.58  +49 02 41.1  2000
023-094301 19 21 04.584  +40 12 07.776  2000
023-228742 19 20 47.9232  +44 09 18.8604  2000
023-285598 19 07 21.24  +37 41 48.084  2000
023-903847 18 57 51.9792  +40 05 54.4596  2000
022-657002 19 37 19.8408  +38 44 41.172  2000
022-350419 19 43 29.868  +47 29 06.756  2000
022-408982 18 44 17.6232  +44 27 27.18  2000
022-914923 19 16 34.908  +40 02 50.3304  2000
022-253019 19 13 30.7464  +50 58 21.9072  2000
022-390670 18 59 43.4688  +45 57 37.7676  2000
022-693116 18 50 48.7872  +46 29 52.764  2000
022-996721 19 06 01.1568  +37 28 02.7084  2000
021-296438 19 43 29.3544  +42 52 52.1364  2000
021-726613 19 51 04.0584  +46 26 26.0124  2000
021-715511 19 59 54.396  +44 48 16.272  2000
021-515537 19 53 13.3752  +44 33 33.7248  2000
021-789964 19 15 17.4672  +48 06 23.616  2000
020-514879 19 03 49.5912  +46 06 58.0968  2000
020-680114 19 23 56.4048  +43 18 52.524  2000
020-283797 18 55 28.8216  +49 03 12.564  2000
020-514084 18 44 12.2616  +47 46 45.1272  2000
020-090654 18 43 36.636  +42 36 39.9312  2000
020-335019 18 41 57.7368  +42 56 09.3156  2000
020-357446 19 20 57.6624  +40 32 37.6116  2000
020-643774 19 23 47.292  +38 46 37.2432  2000
019-447105 19 29 53.5704  +43 00 25.9956  2000
019-188940 18 50 38.4816  +47 14 09.6432  2000
019-836871 18 45 52.7424  +42 22 15.8808  2000
019-730378 19 03 45.36  +38 50 40.5636  2000
019-661883 18 50 31.428  +43 22 15.2796  2000
019-122937 18 54 13.2192  +47 08 52.5912  2000
019-941901 19 08 29.436  +46 48 41.184  2000
019-815548 18 57 57.2472  +39 57 29.5956  2000
019-750227 19 52 46.164  +48 05 20.7996  2000
019-244118 19 27 20.4792  +48 57 12.1716  2000
019-410862 19 37 56.6976  +45 57 52.2432  2000
019-421401 18 52 01.6344  +43 02 17.2752  2000
019-426752 19 56 35.6616  +47 32 29.1516  2000
018-555954 19 20 02.124  +39 40 14.232  2000
018-091897 19 18 16.7064  +40 13 49.4004  2000
018-971746 19 43 23.664  +50 21 17.7804  2000
018-397567 19 14 59.0472  +47 31 01.4124  2000
018-447405 19 03 24.3744  +39 31 24.636  2000
018-722192 19 33 43.0512  +37 59 51.6516  2000
018-242135 19 39 28.8792  +44 07 21.8964  2000
018-705706 19 42 13.6968  +42 09 25.5636  2000
018-413285 19 46 15.2496  +49 13 33.456  2000
018-017907 19 01 04.9656  +48 34 27.0084  2000
018-422592 19 52 01.9344  +47 31 00.8796  2000
018-826705 19 33 15.4392  +43 33 57.2364  2000
017-720359 19 54 53.0784  +42 07 44.9004  2000
017-956473 19 36 06.1968  +46 51 18.4392  2000
017-724820 19 49 02.2992  +46 26 48.8796  2000
017-732086 19 28 46.1928  +48 02 31.6392  2000
017-622709 19 30 33.6624  +40 50 50.3556  2000
017-784220 19 18 47.6304  +41 00 10.5876  2000
017-288330 19 07 44.7072  +49 01 26.1048  2000
017-184133 18 54 48.048  +41 32 39.5232  2000
017-702752 19 13 35.9328  +46 26 22.416  2000
017-660971 19 34 01.4136  +39 45 54.1764  2000
017-760047 19 20 13.3008  +49 54 25.74  2000
017-507868 19 19 38.4312  +51 25 22.1844  2000
017-468789 19 33 38.0352  +46 01 29.3196  2000
017-038355 19 21 51.0504  +41 20 40.7004  2000
016-163509 19 56 03.6984  +47 06 00.4356  2000
016-493800 19 25 02.5272  +44 32 43.764  2000
016-287060 19 29 49.9008  +41 41 54.7836  2000
016-468214 19 32 43.8936  +46 02 39.3  2000
016-049465 19 44 28.2792  +42 32 08.772  2000
016-456234 19 11 07.2576  +46 00 13.1004  2000
016-915084 20 03 28.3656  +45 07 50.2284  2000
016-038870 19 22 30.264  +41 19 12.6444  2000
016-174654 19 39 25.3632  +44 05 52.044  2000
016-102108 19 09 32.7984  +38 16 51.4164  2000
016-941261 19 07 44.5008  +45 12 52.668  2000
016-128041 19 06 59.2536  +48 43 27.66  2000
016-155948 19 18 03.0768  +50 44 48.9444  2000
016-389437 18 54 55.548  +49 13 46.8876  2000
016-600155 19 19 54.1032  +42 04 01.3404  2000
016-871531 18 51 39.6168  +43 38 09.9204  2000
015-243697 19 02 08.988  +39 18 09.72  2000
015-870062 18 48 11.6664  +43 38 31.8516  2000
015-739347 19 18 17.4456  +39 50 14.784  2000
015-543058 19 00 43.0296  +39 39 10.0872  2000
015-508169 19 07 21.3288  +41 58 23.7036  2000
015-849159 19 04 29.64  +37 20 30.4836  2000
015-254398 18 56 31.7424  +40 25 07.572  2000
015-405346 19 29 25.4808  +45 54 44.856  2000
015-543171 19 00 56.9448  +39 39 59.0004  2000
015-390258 18 57 23.028  +49 12 55.8396  2000
015-356592 19 39 50.9904  +38 24 02.052  2000
015-898800 19 39 59.796  +46 46 17.7276  2000
015-129877 19 35 05.9688  +41 25 10.4844  2000
015-071524 19 40 33.2952  +39 08 09.9636  2000
015-564082 19 56 27.516  +40 44 55.0284  2000
014-002787 19 11 27.6048  +46 58 53.724  2000
014-319352 18 46 08.196  +47 29 58.092  2000
014-717090 19 01 35.076  +48 05 46.068  2000
014-145383 18 50 03.648  +44 04 03.1836  2000
014-916265 19 56 35.8224  +43 36 21.636  2000
014-870112 18 48 19.1904  +43 36 13.7124  2000
014-223872 19 12 33.048  +44 06 48.2112  2000
014-650281 19 21 27.9864  +39 42 18.0756  2000
014-232697 19 23 16.1424  +38 20 36.0996  2000
014-514388 19 02 40.4448  +46 06 51.3432  2000
014-623743 19 50 09.2736  +49 38 07.0116  2000
014-448266 19 12 02.9232  +49 18 46.224  2000
014-127479 19 05 21.204  +48 44 38.7564  2000
014-850194 19 42 27.0336  +39 54 26.964  2000
014-283948 18 59 16.9992  +44 17 28.068  2000
014-689943 19 25 24.6816  +42 07 24.8232  2000
014-160772 19 29 23.2752  +39 15 55.3032  2000
014-610797 19 27 36.7248  +49 40 14.4516  2000
014-590455 19 10 48.7128  +47 50 08.8116  2000
014-626094 18 59 14.9112  +38 45 46.2672  2000
013-751499 18 58 22.3968  +49 58 41.268  2000
013-389393 18 54 48.288  +49 13 40.872  2000
013-254968 19 18 05.0328  +50 54 46.4364  2000
013-152537 19 09 22.3104  +50 45 04.5324  2000
013-624183 19 50 50.8224  +49 36 58.428  2000
013-611858 19 32 36.8544  +43 17 11.5476  2000
013-189039 18 50 56.0232  +47 12 29.556  2000
013-938166 19 55 43.4328  +48 20 54.996  2000
013-304142 19 17 57.3936  +51 02 17.3436  2000
013-672945 19 01 10.3416  +42 08 40.56  2000
013-347470 19 01 41.8368  +41 45 32.7924  2000
013-298090 19 24 47.5128  +44 13 19.1316  2000
013-100219 19 06 51.4824  +38 15 41.364  2000
013-181442 20 01 41.6376  +45 35 00.5316  2000
013-398202 19 16 54.9312  +45 54 44.2404  2000
013-097201 18 56 34.2192  +42 37 17.3244  2000
013-663537 19 36 41.2728  +39 44 05.8524  2000
013-361888 19 56 52.9992  +47 24 09.3312  2000
013-835893 19 08 13.668  +38 04 03.7596  2000
013-025841 19 48 20.9256  +46 57 47.2716  2000
012-601741 19 06 15.8352  +49 38 55.9284  2000
012-295496 19 42 33.2016  +42 52 12.6156  2000
012-396230 20 04 08.0208  +44 21 33.984  2000
012-299029 19 31 35.6904  +49 02 49.38  2000
012-289275 19 40 22.6752  +45 46 36.0876  2000
012-964024 19 32 02.7528  +41 12 48.6324  2000
012-836772 19 08 16.4496  +38 56 42.3276  2000
012-554830 19 18 50.1408  +39 40 56.3916  2000
012-119968 19 44 38.6064  +50 41 06.4716  2000
012-215845 19 01 09.192  +38 23 45.5568  2000
012-084157 19 06 45.1896  +40 13 59.3688  2000
012-150612 19 01 14.8464  +44 02 16.4076  2000
012-978967 19 50 43.0968  +43 44 34.9368  2000
012-357658 19 41 12.9336  +49 07 04.692  2000
012-972092 19 56 47.1312  +46 48 51.6204  2000
012-739672 19 05 15.4992  +43 27 45.432  2000
012-510049 19 02 00.4032  +43 08 15.8964  2000
012-078620 19 46 16.0392  +39 08 13.1208  2000
012-167086 19 41 55.9632  +50 47 45.564  2000
012-842204 19 34 39.1176  +39 55 25.3128  2000
012-048949 19 58 25.8168  +45 23 26.5236  2000
011-135880 19 23 57.6192  +48 42 40.3488  2000
011-441864 19 24 25.752  +37 44 44.592  2000
011-181646 19 47 48.384  +44 03 04.104  2000
011-043621 19 46 31.7736  +43 51 34.9164  2000
011-764934 19 10 38.9136  +42 15 37.0368  2000
011-776854 18 47 13.1184  +48 11 54.2076  2000
011-645076 19 53 05.676  +44 43 44.9364  2000
011-743145 19 09 09.6888  +44 56 50.28  2000
011-365080 19 28 38.8776  +41 44 37.3956  2000
011-778678 19 56 35.7504  +43 24 34.7364  2000
011-869891 19 44 34.4904  +38 56 09.78  2000
011-465324 19 27 33.9192  +39 34 51.7404  2000
011-696265 19 32 49.3224  +42 11 52.6956  2000
011-708273 19 17 29.4072  +49 50 04.7076  2000
011-172729 19 52 07.7136  +45 33 06.2604  2000
011-685931 19 31 48.5376  +43 23 46.2876  2000
011-606040 19 16 59.9184  +49 36 35.2728  2000
011-201952 19 42 58.5864  +40 21 11.8476  2000
011-937840 19 01 03.0384  +45 12 48.6036  2000
011-229304 19 52 45.6456  +41 32 54.2436  2000
011-271947 19 23 24.192  +40 25 46.5168  2000
011-479476 18 57 19.2984  +44 31 34.536  2000
011-950914 19 15 14.0112  +41 17 22.0272  2000
011-904671 19 04 02.6376  +50 17 57.156  2000
011-370718 19 32 26.2728  +39 25 05.9916  2000
011-639518 19 47 47.2272  +40 52 18.876  2000
011-644337 19 19 21.1224  +46 21 46.6164  2000
010-710436 19 27 37.5504  +46 26 18.8448  2000
010-656342 20 05 46.7808  +44 47 35.5956  2000
010-958682 19 35 42.3048  +45 12 11.0844  2000
010-642808 19 22 38.2608  +38 42 43.2756  2000
010-973928 19 44 41.8944  +39 05 00.312  2000
010-662497 19 29 00.732  +49 44 50.0568  2000
010-465072 19 48 08.6208  +43 03 54.036  2000
010-333852 19 11 48.0696  +45 52 32.1276  2000
010-206644 19 21 02.7528  +50 48 27.792  2000
010-273544 19 13 58.9824  +45 43 13.9404  2000
010-551430 19 09 40.4376  +49 30 05.0004  2000
010-394953 19 09 25.152  +45 56 55.1832  2000
010-611779 19 33 52.9248  +42 05 47.4  2000
010-016222 19 06 48.0312  +43 48 32.9436  2000
010-207290 19 05 50.244  +45 37 35.7528  2000
010-161286 19 37 29.9712  +45 32 36.1284  2000
010-743810 19 22 09.6888  +38 48 44.5752  2000
010-813106 19 50 08.4072  +41 05 16.5156  2000
010-110645 19 44 35.772  +43 56 10.716  2000
010-910848 19 51 16.26  +43 39 57.2724  2000
010-213064 18 49 42.084  +44 07 01.4232  2000
010-913734 19 25 43.608  +50 16 01.1928  2000
010-017985 19 01 16.8744  +48 32 18.456  2000
010-403986 19 29 43.2432  +49 14 49.7832  2000
010-690265 19 18 19.8192  +51 51 04.5  2000
010-853668 19 26 48.0168  +38 04 14.016  2000
010-191340 19 08 20.0328  +41 33 28.0404  2000
010-806860 19 44 46.5384  +41 00 57.528  2000
010-922059 18 44 41.9832  +42 28 34.4568  2000
009-471230 19 56 39.8808  +41 51 42.8832  2000
009-957710 19 24 00.6888  +43 42 39.2364  2000
009-922836 19 32 36.0936  +48 19 14.376  2000
009-465927 19 46 58.8  +49 19 56.424  2000
009-267353 19 44 24.8136  +50 57 09.9036  2000
009-585938 19 01 05.7576  +47 51 44.82  2000
009-026207 19 33 26.5656  +45 22 09.7032  2000
009-160679 19 53 01.2384  +47 06 52.4556  2000
009-255487 19 18 52.104  +39 19 59.9556  2000
009-307746 19 51 15.8064  +41 41 45.1284  2000
009-044728 19 53 50.0328  +45 19 53.6916  2000
009-353063 19 14 50.2872  +42 59 27.8088  2000
009-272547 19 09 22.236  +41 41 08.9592  2000
009-521917 19 26 34.4232  +41 57 53.3808  2000
009-773489 19 02 02.6448  +41 04 38.4888  2000
009-393802 19 56 56.4048  +40 34 00.5196  2000
009-755204 19 36 35.7864  +39 48 43.092  2000
009-179177 19 44 58.6296  +44 05 51.9756  2000
009-323670 18 56 31.6488  +47 25 00.912  2000
009-801363 18 53 56.4552  +45 01 55.8516  2000
009-907438 18 59 15.1248  +48 22 03.3564  2000
009-730380 19 52 13.9968  +40 56 35.0484  2000
009-423087 19 15 22.068  +44 25 21.6876  2000
009-908262 19 01 25.0272  +48 23 15.648  2000
009-282827 19 36 07.4184  +40 28 39.828  2000
009-013059 19 26 23.9136  +50 28 13.5408  2000
009-378049 19 44 21.3288  +42 55 12.6804  2000
009-973573 19 46 28.6368  +50 20 25.7568  2000
009-956650 19 36 50.7504  +42 26 26.232  2000
009-700430 19 08 06.636  +46 27 16.8516  2000
008-272437 19 14 59.8824  +42 52 47.1396  2000
008-978209 19 46 29.796  +41 14 59.0928  2000
008-006542 19 18 51.2616  +46 56 43.3716  2000
008-730392 19 03 46.6344  +38 51 58.9356  2000
008-556311 19 21 41.2056  +44 38 52.836  2000
008-694606 19 05 28.0512  +37 59 30.6924  2000
008-624967 19 27 22.368  +44 45 27.0396  2000
008-732636 19 54 03.6024  +40 54 14.3712  2000
008-278518 19 18 43.704  +41 40 43.5396  2000
008-175576 19 13 07.6896  +40 20 14.208  2000
008-880633 19 10 59.2008  +43 36 56.0952  2000
008-507240 19 18 07.3104  +51 27 27.9756  2000
008-254089 18 55 55.2024  +40 25 24.0924  2000
008-083309 19 39 52.6752  +47 04 21.6804  2000
008-574996 19 40 36.3864  +39 39 49.4316  2000
008-678060 19 21 07.6032  +43 22 28.1604  2000
008-209718 19 11 23.4888  +45 37 20.7156  2000
008-921090 19 23 47.1168  +40 00 47.5992  2000
008-777146 19 27 02.22  +42 17 04.0488  2000
008-668569 19 54 30.4992  +46 22 54.732  2000
008-571351 19 37 11.1696  +39 41 45.816  2000
008-247139 19 37 37.1256  +38 22 55.1604  2000
007-512283 18 54 19.5192  +40 44 02.8968  2000
007-607403 19 28 50.9832  +42 01 06.9888  2000
007-865774 19 36 56.1024  +38 05 15.0756  2000
007-754284 18 52 07.7856  +46 30 36.3636  2000
007-649071 19 20 09.9528  +39 42 57.708  2000
007-080503 19 19 37.3896  +48 38 55.8312  2000
007-434277 19 27 18.4872  +37 04 50.6712  2000
007-743511 19 21 47.892  +38 49 36.0192  2000
007-733537 19 08 44.304  +38 53 48.4008  2000
007-207287 19 47 24.4128  +40 18 51.0408  2000
007-270968 19 06 33.5448  +41 41 45.4596  2000
007-424593 19 17 55.7304  +44 24 49.6764  2000
007-065923 19 11 10.2528  +47 02 51.6876  2000
007-525160 19 16 44.1936  +40 43 38.496  2000
007-718678 19 30 40.2528  +37 59 22.524  2000
007-842436 19 34 54.6456  +39 54 26.4276  2000
007-868785 19 26 17.8632  +37 18 55.944  2000
007-215584 19 39 15.4176  +47 14 54.492  2000
007-269222 19 20 09.4704  +40 29 18.5676  2000
007-017419 19 36 49.8936  +46 58 01.0596  2000
007-946731 19 18 05.1048  +45 17 17.232  2000
007-075058 18 44 51.8112  +43 57 50.7996  2000
007-644651 18 44 39.0672  +47 56 18.9564  2000
007-019341 19 07 31.7136  +42 30 05.4396  2000
007-674809 19 51 07.7208  +49 43 19.38  2000
007-560161 19 53 21.0936  +40 45 45.3996  2000
007-215936 19 44 30.1104  +42 42 31.752  2000
007-872188 18 45 28.608  +46 43 00.2208  2000
007-518914 19 47 48.588  +49 27 03.2724  2000
007-241578 19 38 45.8136  +44 10 00.6636  2000
007-892548 19 37 13.9464  +45 11 54.276  2000
007-454402 19 12 06.072  +51 23 16.8  2000
007-843813 19 47 00.8928  +46 41 33.7164  2000
007-210152 19 49 46.2384  +40 22 43.5  2000
007-662448 19 35 35.64  +39 42 59.8644  2000
006-079481 19 34 15.6672  +47 05 37.032  2000
006-137148 19 47 55.6872  +42 40 46.0236  2000
006-544160 19 50 31.9272  +41 54 15.8796  2000
006-014894 19 32 48.9192  +46 54 33.8724  2000
006-417732 18 45 22.9896  +43 05 13.6752  2000
006-525025 19 30 37.8216  +41 55 07.2156  2000
006-765135 19 42 50.58  +43 24 48.6756  2000
006-518163 19 14 59.3184  +43 11 02.1444  2000
006-542321 19 48 49.584  +41 54 59.0004  2000
006-353676 19 47 37.596  +47 28 04.8756  2000
006-487072 19 50 35.7648  +47 41 57.804  2000
006-770198 19 48 26.9904  +43 24 19.944  2000
006-574769 19 47 51.2112  +44 36 51.7248  2000
006-838274 19 10 39.0744  +38 55 52.7952  2000
006-700968 19 49 22.1184  +43 20 02.0004  2000
006-053169 19 04 56.6232  +50 32 20.9004  2000
006-019121 19 39 22.3032  +50 29 27.0564  2000
006-776961 19 56 55.1232  +44 56 15.3312  2000
006-595043 19 13 18.0696  +42 01 51.4992  2000
006-677016 19 05 08.7888  +44 48 30.9924  2000
006-540672 19 21 11.7336  +38 41 17.3328  2000
006-250025 19 48 49.944  +44 08 12.6276  2000
006-010578 19 20 11.976  +50 24 46.2996  2000
006-037745 19 00 57.4368  +39 08 20.0436  2000
006-255990 19 20 20.0256  +50 54 58.8636  2000
006-580928 19 30 09.6456  +37 53 41.712  2000
006-325851 19 05 24.3024  +38 25 04.0152  2000
006-937131 19 54 20.3976  +48 19 52.1796  2000
006-978436 19 46 42.9264  +41 15 27  2000
006-608590 19 30 12.576  +42 04 44.6844  2000
006-543462 19 38 33.288  +40 42 22.9356  2000
006-426135 19 57 12.6336  +45 57 53.424  2000
006-422998 19 04 46.1784  +37 44 24.3204  2000
006-306556 19 23 46.6848  +51 00 45.828  2000
006-388752 18 55 30.1896  +45 59 08.8044  2000
006-815937 19 18 35.844  +43 34 09.912  2000
006-395028 19 09 57.8616  +49 16 44.3964  2000
005-677831 19 45 44.172  +47 58 47.928  2000
005-608312 18 56 16.4136  +44 43 44.0004  2000
005-376252 19 42 29.9424  +42 54 06.624  2000
005-730616 19 04 12.576  +38 50 35.9484  2000
005-777953 19 27 59.3928  +42 14 16.9476  2000
005-037036 19 20 19.3944  +41 19 20.2404  2000
005-753181 19 55 43.344  +48 04 20.0604  2000
005-761862 19 42 50.5656  +39 52 53.2488  2000
005-970698 19 41 38.3352  +50 21 44.1036  2000
005-412514 19 40 33.684  +45 55 21.2916  2000
005-953325 19 27 47.7528  +45 13 42.204  2000
005-087717 19 45 49.8624  +47 02 44.4804  2000
005-210709 18 44 01.1136  +44 09 31.1112  2000
005-932202 18 43 59.4144  +46 53 52.08  2000
005-022958 19 13 25.752  +42 34 18.48  2000
005-026371 19 23 48.888  +43 48 29.4552  2000
005-439300 19 20 28.2864  +43 04 18.2352  2000
005-582720 19 18 17.1744  +46 12 46.6272  2000
005-848202 19 23 23.6064  +38 59 14.532  2000
005-381552 19 47 38.664  +42 56 04.2324  2000
005-992006 18 45 49.944  +46 58 20.3808  2000
005-517608 19 04 49.548  +40 46 34.3164  2000
005-300580 19 28 30.1104  +44 15 00.1368  2000
005-844066 18 59 40.3632  +42 22 36.4836  2000
005-659182 19 39 22.5816  +38 42 06.4008  2000
005-424805 19 18 15.5424  +44 25 40.6956  2000
005-660797 19 33 50.9472  +39 42 22.5648  2000
005-590594 20 04 17.2344  +44 38 33.5688  2000
005-155235 19 23 57.7656  +39 14 26.9844  2000
005-114155 19 48 30.3672  +43 54 05.184  2000
005-140686 19 04 04.7976  +37 31 43.7916  2000
005-833336 19 24 19.4904  +39 58 43.7808  2000
005-120683 18 49 04.5408  +47 10 17.472  2000
005-618709 19 42 29.9928  +49 39 57.9996  2000
004-306900 20 01 42.3696  +45 43 29.1036  2000
004-514274 18 44 41.616  +47 43 51.3084  2000
004-961970 19 39 45.2568  +45 16 51.744  2000
004-265063 19 40 16.9632  +50 54 13.4208  2000
004-600158 19 19 54.2808  +42 00 22.9356  2000
004-858868 19 23 03.8976  +48 16 25.2804  2000
004-661734 19 27 22.7856  +49 45 35.4168  2000
004-383803 19 44 06.2544  +39 26 38.6484  2000
004-018631 19 29 28.5504  +37 29 29.3604  2000
004-364888 19 26 16.2456  +44 23 33.7884  2000
004-964343 19 44 21.5472  +42 29 26.1636  2000
004-354154 19 16 55.392  +40 32 00.1644  2000
004-969083 19 38 32.1816  +50 21 20.664  2000
004-596847 19 40 56.5656  +46 16 04.008  2000
004-712059 19 30 20.2296  +46 28 35.832  2000
004-819334 19 27 58.8288  +45 00 53.6832  2000
004-607150 19 28 32.0664  +42 01 08.7204  2000
004-377140 19 42 57.048  +40 34 18.1524  2000
004-593461 19 10 52.5576  +42 03 20.1312  2000
004-968563 19 38 59.9184  +43 45 49.2192  2000
004-045808 19 41 06.9144  +42 33 56.6604  2000
004-175803 19 42 51.336  +39 14 12.3756  2000
004-308124 20 03 12.648  +45 43 17.3316  2000
004-995460 19 30 46.9128  +38 09 31.356  2000
004-146418 19 51 10.488  +41 24 08.6436  2000
004-906811 19 47 16.6176  +43 38 32.9244  2000
004-946162 19 17 09.8808  +45 13 24.5712  2000
004-671318 19 10 03.2304  +43 22 43.7196  2000
004-864696 19 33 11.8056  +48 13 38.3844  2000
004-839042 19 11 50.2512  +38 56 56.2272  2000
004-280576 19 43 10.7664  +39 23 53.2356  2000
004-601913 19 19 54.8376  +43 17 33.288  2000
003-881211 19 33 23.2248  +41 10 44.2236  2000
003-990965 19 52 31.224  +48 26 50.9676  2000
003-067869 19 37 06.036  +39 08 20.0688  2000
003-884760 19 16 20.4792  +46 44 38.22  2000
003-981766 20 00 36.5616  +45 13 28.5924  2000
003-289471 19 33 00.6744  +41 36 08.3592  2000
003-881273 19 20 59.6112  +45 10 38.1684  2000
003-756171 19 37 34.2912  +39 52 11.9676  2000
003-126029 20 00 04.5912  +43 54 50.364  2000
003-647149 19 55 11.3016  +44 44 19.392  2000
003-560431 19 30 15.7992  +49 32 08.5956  2000
002-556342 19 56 07.6392  +47 43 10.3836  2000
002-742436 19 21 49.5264  +39 50 07.44  2000
002-280490 18 51 57.516  +44 13 20.064  2000
002-824113 19 58 58.2432  +41 02 25.4724  2000
002-692972 19 29 06.7152  +42 08 30.66  2000
002-034643 19 58 44.2392  +46 59 35.268  2000
002-514649 18 45 44.04  +47 43 10.5636  2000
002-211215 19 39 56.0376  +42 43 01.4844  2000
002-699517 19 48 05.244  +43 22 02.1756  2000
002-347607 19 03 33.2304  +39 29 16.9044  2000
002-184384 19 24 03.156  +40 22 55.776  2000
002-560719 19 53 52.2  +40 45 01.908  2000
002-993334 18 49 10.548  +46 57 23.2236  2000
002-018146 19 37 47.7984  +46 55 49.5804  2000
001-591486 20 05 51.012  +44 41 43.2636  2000
001-347684 19 21 25.0488  +49 07 43.3632  2000
001-902097 19 41 51.6432  +43 39 55.1556  2000
001-599168 19 14 17.4912  +51 40 41.8476  2000
001-453026 19 35 05.5656  +38 33 54.9432  2000
001-734370 19 55 25.4448  +40 57 16.9488  2000
-01-831185 19 21 39.06  +39 56 08.052  2000
