k12069449 19 41 51.7612  +50 31 00.6485  2000
k12069424 19 41 48.7206  +50 31 27.834  2000
k4484238 19 45 44.628  +39 30 13.1263  2000
k4386086 19 45 45.4115  +39 29 45.8521  2000
k4142913 19 09 19.0223  +39 12 00.8934  2000
k4043389 19 09 31.5496  +39 10 48.5827  2000
k10230660 19 57 06.3008  +47 17 07.4795  2000
k7832029 19 39 58.0196  +43 32 41.3659  2000
k7539125 19 39 56.5163  +43 10 49.8201  2000
k8838457 19 53 09.3592  +45 05 53.6789  2000
k8771498 19 51 19.2355  +44 56 41.0186  2000
k6225718 19 49 18.2791  +41 34 54.2404  2000
k6225816 19 49 23.7659  +41 35 20.2525  2000
k8241071 19 38 08.981  +44 09 13.3892  2000
k8241074 19 38 09.3015  +44 09 35.3276  2000
k10603599 19 33 15.9508  +47 53 17.1007  2000
k10473049 19 31 54.8727  +47 39 12.6383  2000
k8042251 19 44 59.6979  +43 52 53.3215  2000
k2305819 19 28 19.338  +37 40 28.7212  2000
k2021060 19 31 32.4713  +37 29 50.9135  2000
k7450230 19 33 33.9569  +43 02 09.1571  2000
k10487158 19 50 41.8916  +47 39 19.4622  2000
k10549821 19 48 45.8074  +47 47 56.8972  2000
k9049593 19 59 09.9389  +45 23 30.0465  2000
k8712683 19 56 47.456  +44 50 08.3444  2000
k9963499 19 46 35.2059  +46 52 51.6318  2000
k7282162 19 27 18.7587  +42 51 33.0015  2000
k5792108 19 28 48.9318  +41 00 21.9389  2000
k4921578 19 24 24.7211  +40 03 29.445  2000
k8695868 19 37 27.1193  +44 53 33.1608  2000
k6188162 19 02 35.1047  +41 32 12.6343  2000
k3527862 19 03 47.1073  +38 39 36.6915  2000
k8355130 19 10 01.6233  +44 22 29.7847  2000
k8743007 19 08 49.6168  +44 55 48.4833  2000
k2992960 19 28 37.4017  +38 08 17.6871  2000
k2992956 19 28 37.164  +38 08 34.3401  2000
k8827931 19 40 49.7292  +45 02 50.7872  2000
k9702369 19 12 40.9402  +46 24 01.5312  2000
k11907454 19 11 29.4129  +50 14 29.5573  2000
k11958062 19 14 02.3489  +50 20 01.7088  2000
k7430853 19 08 17.0903  +43 04 07.0813  2000
k7596741 19 11 54.9347  +43 15 03.6058  2000
k10185553 18 41 54.72  +47 17 16.6468  2000
k12156742 19 19 44.7963  +50 42 27.0367  2000
k1718222 19 22 56.9935  +37 14 56.9769  2000
k2987660 19 23 57.4554  +38 06 52.0775  2000
k8941484 19 08 12.4224  +45 13 11.6486  2000
k9292130 19 44 16.6561  +45 42 11.2685  2000
k9351053 19 40 37.932  +45 50 36.8876  2000
k8006740 18 46 11.6237  +43 53 29.2309  2000
k10146119 19 35 01.1162  +47 11 37.8073  2000
k9116461 20 00 16.8727  +45 27 12.9901  2000
k5015454 19 32 17.8775  +40 08 13.6194  2000
k8168657 19 31 30.2506  +44 05 43.7955  2000
k8696343 19 38 04.4031  +44 48 55.3135  2000
k6306896 19 50 20.9776  +41 37 43.9833  2000
k6221441 19 45 29.4116  +41 32 58.4934  2000
k10386229 18 50 00.2233  +47 35 06.588  2000
k8892006 19 36 32.7322  +45 09 54.3611  2000
k6442336 19 26 31.7599  +41 51 26.1519  2000
k6697458 19 34 06.4681  +42 07 55.1809  2000
k11445969 19 05 51.1547  +49 18 27.5569  2000
k11497304 19 04 34.3681  +49 29 06.9464  2000
k6961782 19 41 59.0349  +42 29 08.7683  2000
k7217008 19 45 29.5452  +42 47 42.2116  2000
k10033625 19 57 27.364  +46 59 29.6809  2000
k7673172 19 13 26.2518  +43 21 15.8134  2000
k8289241 19 10 30.5508  +44 16 50.539  2000
k10527172 19 13 44.4963  +47 45 18.0324  2000
k9821642 19 08 39.207  +46 41 35.9546  2000
k4661914 19 35 01.9016  +39 45 52.2403  2000
k4935189 19 39 28.5159  +40 04 34.331  2000
k6385342 19 50 16.3763  +41 44 32.3942  2000
k6222668 19 46 37.218  +41 31 53.3493  2000
k9154175 19 26 30.1537  +45 33 13.9002  2000
k10663892 19 24 45.0919  +47 58 53.4314  2000
k1724096 19 28 19.1391  +37 17 25.0272  2000
k9812539 18 46 43.1851  +46 40 23.4626  2000
k10186425 18 44 18.4544  +47 14 05.3833  2000
k5892991 19 45 37.4974  +41 09 54.7048  2000
k8127668 20 01 51.7103  +43 59 02.57  2000
k8524425 20 02 33.3178  +44 31 59.874  2000
k6784274 19 35 18.6528  +42 14 36.7386  2000
k5263545 19 12 40.1367  +40 28 17.8242  2000
k8110458 19 44 23.9998  +43 55 41.5674  2000
k10079226 19 33 52.7726  +47 02 43.8094  2000
k5939737 18 54 44.1903  +41 17 38.8675  2000
k5079951 18 58 37.9929  +40 12 13.48  2000
k3641130 19 20 40.0565  +38 42 18.0762  2000
k7455134 19 38 57.4352  +43 01 22.3116  2000
k8178763 19 44 25.7555  +44 03 52.687  2000
k7620832 19 42 26.198  +43 14 59.234  2000
k4465529 19 27 47.3233  +39 35 03.5722  2000
k7470902 19 52 57.7882  +43 01 23.2422  2000
k8936541 18 58 15.6436  +45 16 31.3543  2000
k9265701 18 55 58.6887  +45 47 45.0296  2000
k3219256 19 06 27.5727  +38 21 13.5566  2000
k3937717 19 04 02.434  +39 00 58.3091  2000
k9222547 19 34 09.7354  +45 40 42.945  2000
k9718359 19 40 13.3235  +46 29 57.1104  2000
k2283682 19 04 51.1059  +37 38 27.0584  2000
k3096409 19 01 23.2801  +38 17 04.9062  2000
k8984819 20 03 51.9003  +45 14 12.2811  2000
k11362858 19 49 13.3126  +49 11 06.2678  2000
k10988876 19 49 20.8652  +48 29 25.399  2000
k8176564 19 41 45.5208  +44 02 20.4594  2000
k8016586 19 07 33.779  +43 49 20.0452  2000
k9765033 19 17 34.2229  +46 35 24.1246  2000
k8688158 19 25 38.123  +44 52 33.5148  2000
k1294756 19 25 41.3511  +36 58 16.582  2000
k9162919 19 39 53.7683  +45 35 07.0259  2000
k9658361 19 41 47.374  +46 20 52.9117  2000
k9933239 18 47 20.4439  +46 53 55.4048  2000
k10385459 18 48 19.3992  +47 32 07.5733  2000
k10285582 19 44 39.3972  +47 21 24.1027  2000
k4446135 19 01 08.2871  +39 31 53.4327  2000
k8444238 19 46 03.3475  +44 26 42.4004  2000
k7191873 19 16 40.677  +42 44 50.5457  2000
k7733179 18 51 11.9755  +43 24 42.7076  2000
k10977859 19 31 37.9973  +48 26 33.0938  2000
k10858780 19 22 53.7242  +48 17 01.4883  2000
k6751685 18 46 51.9957  +42 15 43.6228  2000
k3123191 19 31 52.3343  +38 12 56.0576  2000
k7760869 19 37 45.1828  +43 27 53.2009  2000
k7760865 19 37 44.9015  +43 27 56.2655  2000
k5689820 19 04 54.5136  +40 55 39.6106  2000
k5435680 19 10 17.8883  +40 36 46.3677  2000
k5943725 19 02 42.6497  +41 16 32.6679  2000
k5344699 19 01 44.157  +40 30 18.9394  2000
k11075456 19 08 35.3062  +48 41 32.3093  2000
k10586565 19 02 27.3605  +47 50 16.5208  2000
k10577796 18 42 15.0591  +47 48 03.951  2000
k5936852 18 49 21.1118  +41 13 03.0651  2000
k6106415 19 01 39.5743  +41 29 24.7962  2000
k4814309 18 55 41.7455  +39 59 33.2232  2000
k9163520 19 40 50.3038  +45 31 31.5839  2000
k7985001 19 56 38.7  +43 43 45.0211  2000
k7697595 19 46 07.5243  +43 22 03.2911  2000
k12600459 19 17 20.3622  +51 40 32.1099  2000
k12107224 19 17 19.2532  +50 41 46.089  2000
k7104582 19 09 26.6944  +42 41 59.7992  2000
k7880924 19 11 30.8847  +43 38 10.4433  2000
k9509071 18 50 20.9659  +46 10 38.788  2000
k9203308 18 56 50.0815  +45 40 24.9143  2000
k5516982 19 03 39.5823  +40 42 17.7562  2000
k8703413 19 47 11.453  +44 50 53.9044  2000
k4826151 19 15 46.7266  +39 59 28.2749  2000
k4915148 19 16 50.4545  +40 01 08.8601  2000
k5870686 19 19 53.4994  +41 09 12.3106  2000
k7811740 19 11 15.6528  +43 35 00.667  2000
k8750029 19 21 54.9241  +44 59 41.7781  2000
k6039091 19 22 50.6758  +41 23 48.2393  2000
k8327158 19 59 55.5321  +44 13 16.6835  2000
k11973705 19 46 42.6106  +50 21 01.633  2000
k6046093 19 31 48.2956  +41 18 39.1752  2000
k7201740 19 28 56.8166  +42 46 00.5473  2000
k2991548 19 27 24.5211  +38 09 19.7403  2000
k10026614 19 49 12.6461  +46 54 12.067  2000
k8737568 18 56 38.7425  +44 57 10.606  2000
k8738187 18 57 54.781  +44 56 48.1285  2000
k4859338 19 50 08.5578  +39 54 48.671  2000
k5985398 19 52 49.0901  +41 17 48.1826  2000
k2837133 19 09 47.8468  +38 04 22.0455  2000
k9658824 19 42 27.3403  +46 18 44.8731  2000
k10676011 19 43 26.1371  +47 56 46.8693  2000
k4831454 19 21 58.0834  +39 59 54.7575  2000
k1025986 19 24 08.1005  +36 46 16.0811  2000
k12018601 19 38 22.3694  +50 28 21.4779  2000
k5611371 19 16 32.2113  +40 51 06.7566  2000
k7201168 19 28 10.6369  +42 45 08.174  2000
k8773551 19 53 21.5097  +44 57 23.6095  2000
k9826171 19 18 56.3217  +46 38 43.0993  2000
k11498538 19 07 46.8381  +49 29 07.8047  2000
k12052782 19 03 59.6534  +50 35 03.6787  2000
k11856178 19 08 39.6084  +50 06 47.6446  2000
k9812934 18 47 54.5016  +46 36 26.6659  2000
k8408819 18 43 50.3856  +44 24 46.448  2000
k6371632 19 36 41.0385  +41 47 47.6853  2000
k8645874 19 53 51.7231  +44 43 09.1115  2000
k9426660 19 57 50.2007  +45 55 00.2982  2000
k9364901 19 57 18.7897  +45 50 24.213  2000
k10536753 19 30 10.7227  +47 43 16.5272  2000
k10462940 19 14 54.1997  +47 41 49.0449  2000
k5780613 19 13 51.6379  +41 03 49.319  2000
k6200341 19 21 14.0809  +41 34 23.4755  2000
k5793668 19 30 44.2236  +41 04 25.9074  2000
k5217805 19 55 48.6772  +40 20 45.3672  2000
k9520249 19 16 24.79  +46 06 04.2976  2000
k9945772 19 17 26.8964  +46 53 57.7159  2000
k4671313 19 43 44.3144  +39 44 32.8393  2000
k4755621 19 37 02.3892  +39 48 50.383  2000
k11564467 19 38 03.4833  +49 30 12.6513  2000
k11090983 19 40 11.3206  +48 39 39.213  2000
k8038388 19 40 12.1526  +43 53 45.3329  2000
k6365421 19 29 04.2871  +41 45 29.4229  2000
k2448426 19 30 11.4787  +37 45 44.4164  2000
k4816098 18 58 59.9226  +39 56 53.6767  2000
k8717023 20 01 38.1737  +44 53 30.3981  2000
k8516041 19 53 44.6237  +44 35 34.6805  2000
k10866328 19 35 51.5802  +48 17 12.8475  2000
k8908946 19 56 20.8784  +45 11 27.9982  2000
k9161418 19 37 40.9291  +45 33 03.9145  2000
k4756335 19 37 44.7281  +39 50 16.8581  2000
k8241045 19 38 07.1954  +44 11 51.605  2000
k7373508 19 39 42.6733  +42 59 35.5329  2000
k9286638 19 36 29.3929  +45 47 51.3003  2000
k5685047 18 55 35.2203  +40 54 57.2739  2000
k9246481 20 03 33.7027  +45 37 13.7424  2000
k8649198 19 57 26.1764  +44 46 30.1337  2000
k9339398 19 22 29.1923  +45 52 20.8364  2000
k7916908 19 57 11.8475  +43 39 19.4711  2000
k8323104 19 55 37.831  +44 14 33.1726  2000
k10971974 19 19 41.7067  +48 26 09.1305  2000
k5200084 19 41 20.661  +40 23 31.7156  2000
k5105797 19 34 33.6424  +40 14 26.4594  2000
k9139163 18 56 22.1626  +45 30 26.2367  2000
k3221671 19 10 00.5015  +38 21 26.2708  2000
k9455860 19 10 16.416  +46 00 29.8537  2000
k8087813 19 12 18.5428  +43 58 33.1681  2000
k4740598 19 19 46.0024  +39 51 26.8449  2000
k6314137 19 56 55.6769  +41 40 28.472  2000
k2832099 19 03 22.8018  +38 05 03.1996  2000
k7583437 18 46 23.9013  +43 13 46.4888  2000
k6181800 18 50 20.5015  +41 32 12.4628  2000
k6032305 19 13 42.9079  +41 22 11.03  2000
k11861997 19 22 42.2249  +50 12 00.3965  2000
k12117868 19 41 00.3001  +50 41 41.0487  2000
k4350042 19 07 29.9612  +39 26 23.3298  2000
k5866724 19 14 45.2933  +41 09 03.9944  2000
k3459226 19 40 50.1289  +38 32 27.2307  2000
k10879229 19 53 03.41  +48 12 36.5306  2000
k9076686 19 04 28.2966  +45 29 26.3336  2000
k8379927 19 46 41.5299  +44 20 54.7286  2000
k3113630 19 22 55.2037  +38 13 47.0676  2000
k3643799 19 23 49.203  +38 42 53.3144  2000
k1435467 19 28 19.8337  +37 03 35.5403  2000
k3640986 19 20 30.7077  +38 46 42.9278  2000
k6072870 19 58 00.084  +41 18 11.7404  2000
k8432609 19 30 09.481  +44 28 46.9546  2000
k9347707 19 35 48.4533  +45 49 31.4475  2000
k10681303 19 49 48.5427  +47 55 37.1902  2000
k3232231 19 22 43.3716  +38 22 48.8629  2000
k5371516 19 37 27.6771  +40 35 19.5009  2000
k6936966 19 11 46.8326  +42 24 49.0063  2000
k7598321 19 14 31.0492  +43 13 52.5869  2000
k4348906 19 05 38.233  +39 26 49.9619  2000
k3329136 19 10 22.1885  +38 28 45.3077  2000
k7887791 19 22 48.9031  +43 36 26.5403  2000
k5095232 19 22 10.1607  +40 12 45.7425  2000
k8738244 18 57 58.9175  +44 59 16.7322  2000
k6764530 19 10 03.4004  +42 17 35.5939  2000
k7592977 19 05 25.4283  +43 17 49.0257  2000
k5079114 18 56 54.5548  +40 17 57.0501  2000
k11180361 19 04 04.6295  +48 52 00.3656  2000
k8956950 19 33 19.6683  +45 14 00.7219  2000
k9285102 19 34 15.2674  +45 42 53.8735  2000
k9658985 19 42 43.6217  +46 20 38.1975  2000
k7904490 19 44 39.7633  +43 41 22.5123  2000
k7548978 19 49 00.976  +43 09 03.1094  2000
k10916554 19 20 00.1311  +48 23 47.4626  2000
k6763884 19 08 56.3926  +42 15 48.3258  2000
k11655945 19 14 02.8981  +49 42 33.1402  2000
k12156630 19 19 28.6324  +50 42 10.5059  2000
k8608624 18 56 57.3353  +44 42 48.9988  2000
k8739290 19 00 21.3266  +44 59 51.8069  2000
k5723165 19 46 14.8532  +40 59 43.824  2000
k9664404 19 49 39.5701  +46 20 27.3795  2000
k5869577 19 18 28.6097  +41 10 29.658  2000
k4756244 19 37 39.1561  +39 53 46.0383  2000
k4048716 19 16 47.6313  +39 08 00.9435  2000
k5097629 19 25 12.3973  +40 14 53.0526  2000
k11179629 19 02 18.6911  +48 49 43.6228  2000
k5256372 19 00 20.8921  +40 29 51.139  2000
k6232847 19 55 41.9246  +41 35 48.2717  2000
k7777516 19 55 29.539  +43 29 06.9783  2000
k2694337 19 05 08.6098  +37 54 34.7808  2000
k3096453 19 01 27.4066  +38 16 52.8701  2000
k3942392 19 11 29.3054  +39 04 42.9979  2000
k7007672 18 45 12.6893  +42 33 03.8852  2000
k7200111 19 26 50.999  +42 43 24.2598  2000
k3764597 19 42 52.722  +38 51 44.5533  2000
k3967859 19 39 52.1955  +39 02 51.4669  2000
k3003992 19 37 57.6603  +38 11 39.0884  2000
k8899395 19 46 27.4706  +45 06 16.2644  2000
k8085683 19 08 00.6972  +43 58 01.6993  2000
k6426320 19 01 52.3901  +41 51 16.544  2000
k8940149 19 05 30.9224  +45 17 58.1632  2000
k11656555 19 15 20.4986  +49 43 03.7809  2000
k8605056 18 49 10.5953  +44 43 17.4563  2000
k6049635 19 36 02.6917  +41 21 14.1232  2000
k4818131 19 03 00.6439  +39 57 28.0075  2000
k6503166 18 58 01.9012  +41 57 16.6255  2000
k7552265 19 51 49.8929  +43 07 16.3926  2000
k3427720 19 05 45.184  +38 31 21.4972  2000
k6442183 19 26 19.2192  +41 52 11.7334  2000
k8985402 20 04 31.5545  +45 17 54.2054  2000
k10484150 19 47 19.2656  +47 36 59.6173  2000
k10619505 19 53 54.3295  +47 51 31.8401  2000
k4554810 19 18 49.368  +39 37 54.8161  2000
k9391335 19 01 17.797  +45 59 40.6732  2000
k10015708 19 34 12.9763  +46 54 10.457  2000
k7595226 19 09 18.4494  +43 12 20.5626  2000
k7104452 19 09 12.915  +42 39 57.6016  2000
k9264512 18 53 18.9162  +45 45 03.0688  2000
k9995937 18 55 36.3385  +46 59 37.5084  2000
k8456679 19 58 49.1385  +44 26 08.5497  2000
k5939450 18 54 14.4182  +41 13 33.1701  2000
k9264619 18 53 33.0567  +45 44 27.8828  2000
k12057731 19 16 30.1921  +50 31 16.3107  2000
k5723199 19 46 16.2637  +40 59 52.4849  2000
k6123324 19 27 01.5309  +41 29 09.1539  2000
k5622044 19 29 48.4277  +40 50 26.1103  2000
k2140360 19 03 38.2659  +37 35 41.4814  2000
k9730417 19 55 14.2042  +46 25 12.3325  2000
k12010753 19 20 37.9707  +50 26 46.2298  2000
k11445913 19 05 40.6297  +49 18 20.9494  2000
k4677247 19 48 24.5589  +39 47 56.8802  2000
k10331562 19 13 38.9745  +47 25 02.7505  2000
k4585976 19 49 32.3858  +39 36 37.064  2000
k5130005 19 56 21.897  +40 16 11.604  2000
k9640204 19 10 14.1028  +46 20 42.6171  2000
k10006714 19 19 08.7105  +46 55 06.7546  2000
k7523087 19 21 29.4748  +43 06 02.4081  2000
k8029850 19 28 50.877  +43 53 01.0719  2000
k8013439 19 00 43.8877  +43 49 51.7082  2000
k9003169 18 54 33.3758  +45 22 41.9615  2000
k9604728 19 50 57.7843  +46 14 58.9749  2000
k2423662 19 05 37.8648  +37 43 45.021  2000
k6929354 18 58 45.8315  +42 28 34.4549  2000
k8351193 19 01 21.7813  +44 23 11.5346  2000
k6508366 19 07 43.5921  +41 56 15.8422  2000
k11560447 19 30 18.2548  +49 31 33.506  2000
k9026472 19 33 50.6708  +45 23 59.4836  2000
k10785374 19 06 16.0162  +48 07 04.49  2000
k6937369 19 12 25.1431  +42 27 52.2385  2000
k7190443 19 14 35.411  +42 45 24.5322  2000
k8984241 20 03 14.0252  +45 17 07.831  2000
k6307459 19 50 57.1776  +41 40 41.1315  2000
k8738809 18 59 10.4722  +44 57 01.3881  2000
k7667638 19 02 59.3006  +43 19 07.865  2000
k9098294 19 40 21.2315  +45 29 21.9911  2000
k10127823 19 04 03.0572  +47 07 24.3143  2000
k10518380 18 54 54.0387  +47 45 48.7706  2000
k8017790 19 09 55.5799  +43 51 03.2472  2000
k6347007 19 00 46.9642  +41 47 36.3366  2000
k7743084 19 11 53.2313  +43 27 03.8696  2000
k10659688 19 17 32.7397  +47 57 09.2748  2000
k6278992 19 19 14.4813  +41 39 20.9358  2000
k5442451 19 19 49.1219  +40 40 55.4644  2000
k6390236 19 54 41.3737  +41 46 34.6902  2000
k3430868 19 10 27.0123  +38 33 41.8832  2000
k2557430 19 07 22.8856  +37 48 57.3285  2000
k6106152 19 01 09.7154  +41 24 54.1712  2000
k5865892 19 13 25.3407  +41 06 26.254  2000
k6761569 19 05 05.7556  +42 14 49.6232  2000
k6923148 18 47 13.7762  +42 24 40.6708  2000
k4459448 19 20 30.0754  +39 32 38.2757  2000
k3448365 19 30 35.7997  +38 35 16.8557  2000
k3938178 19 04 47.6061  +39 03 17.854  2000
k4140552 19 05 29.3626  +39 12 17.085  2000
k9071940 18 53 49.5255  +45 25 02.2555  2000
k4351319 19 09 35.6882  +39 29 51.0924  2000
k12402674 19 14 24.6893  +51 13 12.1153  2000
