k7826705 19 33 15.443  +43 33 57.5964  2000
k11029516 19 27 02.9899  +48 35 12.2064  2000
k9395233 19 10 04.8502  +45 54 43.1568  2000
k4660665 19 33 43.2146  +39 43 40.4976  2000
k12254821 19 17 46.5809  +50 55 45.6816  2000
k12253534 19 14 39.9384  +50 58 56.7264  2000
k11038851 19 43 30.1966  +48 35 33.9648  2000
k11516241 19 43 42.2342  +49 26 40.5528  2000
k7050604 19 45 31.183  +42 30 55.7532  2000
k11614899 19 36 00.0766  +49 41 28.7916  2000
k6130569 19 35 53.5817  +41 29 49.0884  2000
k12258514 19 26 22.1357  +50 59 15.4464  2000
k8174654 19 39 25.3836  +44 05 52.3428  2000
k8242135 19 39 28.8948  +44 07 22.2492  2000
k8903441 19 50 31.6831  +45 07 09.498  2000
k9541616 19 49 40.794  +46 11 58.2684  2000
k8656391 20 05 50.7468  +44 44 58.5852  2000
k10231863 19 58 31.3922  +47 17 21.4368  2000
k2571238 19 21 41.0316  +37 51 05.976  2000
k3656476 19 36 48.9386  +38 42 57.2688  2000
k3215845 19 01 09.1954  +38 23 45.528  2000
k3424493 19 00 37.5386  +38 30 20.0952  2000
k6038355 19 21 51.0574  +41 20 40.65  2000
k6280366 19 20 59.1917  +41 39 58.0644  2000
k7115799 19 24 41.5994  +42 37 14.0808  2000
k7523623 19 22 10.7647  +43 10 34.4784  2000
k7176707 18 50 31.0728  +42 43 15.0816  2000
k12354230 19 19 27.577  +51 09 49.716  2000
k7013649 18 56 44.8332  +42 32 04.2504  2000
k7013635 18 56 44.479  +42 33 46.9872  2000
k8937840 19 01 03.042  +45 12 48.9492  2000
k9139151 18 56 21.2962  +45 30 54.1188  2000
k9073458 18 57 05.6578  +45 29 25.3932  2000
k10188940 18 50 38.5054  +47 14 09.4848  2000
k7007617 18 45 06.9245  +42 30 36.7092  2000
k7798339 18 41 35.015  +43 32 58.7724  2000
k9812850 18 47 39.2623  +46 41 09.8232  2000
k8816903 19 24 18.9139  +45 05 28.0932  2000
